2.00146923005 1
2.00396779096 0
2.00646635188 0
2.00896491279 0
2.01146347371 1
2.01396203462 0
2.01646059553 0
2.01895915645 0
2.02145771736 0
2.02395627828 0
2.02645483919 0
2.02895340011 0
2.03145196102 0
2.03395052193 0
2.03644908285 0
2.03894764376 0
2.04144620468 0
2.04394476559 0
2.0464433265 0
2.04894188742 0
2.05144044833 0
2.05393900925 0
2.05643757016 0
2.05893613108 0
2.06143469199 0
2.0639332529 0
2.06643181382 0
2.06893037473 0
2.07142893565 0
2.07392749656 0
2.07642605747 1
2.07892461839 0
2.0814231793 0
2.08392174022 0
2.08642030113 0
2.08891886205 0
2.09141742296 0
2.09391598387 0
2.09641454479 1
2.0989131057 0
2.10141166662 0
2.10391022753 0
2.10640878844 0
2.10890734936 0
2.11140591027 0
2.11390447119 0
2.1164030321 0
2.11890159302 0
2.12140015393 1
2.12389871484 1
2.12639727576 0
2.12889583667 0
2.13139439759 0
2.1338929585 0
2.13639151941 1
2.13889008033 0
2.14138864124 0
2.14388720216 0
2.14638576307 0
2.14888432399 1
2.1513828849 0
2.15388144581 2
2.15638000673 0
2.15887856764 2
2.16137712856 3
2.16387568947 0
2.16637425038 2
2.1688728113 7
2.17137137221 5
2.17386993313 8
2.17636849404 5
2.17886705496 8
2.18136561587 3
2.18386417678 8
2.1863627377 9
2.18886129861 12
2.19135985953 13
2.19385842044 8
2.19635698135 14
2.19885554227 9
2.20135410318 11
2.2038526641 8
2.20635122501 8
2.20884978593 6
2.21134834684 7
2.21384690775 18
2.21634546867 8
2.21884402958 19
2.2213425905 19
2.22384115141 25
2.22633971232 20
2.22883827324 22
2.23133683415 11
2.23383539507 22
2.23633395598 28
2.2388325169 29
2.24133107781 27
2.24382963872 25
2.24632819964 25
2.24882676055 20
2.25132532147 31
2.25382388238 22
2.25632244329 23
2.25882100421 22
2.26131956512 18
2.26381812604 19
2.26631668695 16
2.26881524787 19
2.27131380878 22
2.27381236969 23
2.27631093061 13
2.27880949152 14
2.28130805244 17
2.28380661335 10
2.28630517427 21
2.28880373518 18
2.29130229609 17
2.29380085701 21
2.29629941792 10
2.29879797884 21
2.30129653975 17
2.30379510066 11
2.30629366158 18
2.30879222249 17
2.31129078341 22
2.31378934432 34
2.31628790524 22
2.31878646615 17
2.32128502706 17
2.32378358798 16
2.32628214889 24
2.32878070981 23
2.33127927072 27
2.33377783163 30
2.33627639255 21
2.33877495346 33
2.34127351438 24
2.34377207529 31
2.34627063621 16
2.34876919712 36
2.35126775803 33
2.35376631895 30
2.35626487986 29
2.35876344078 46
2.36126200169 33
2.3637605626 41
2.36625912352 36
2.36875768443 33
2.37125624535 37
2.37375480626 38
2.37625336718 34
2.37875192809 40
2.381250489 48
2.38374904992 34
2.38624761083 34
2.38874617175 35
2.39124473266 47
2.39374329357 39
2.39624185449 31
2.3987404154 46
2.40123897632 37
2.40373753723 42
2.40623609815 34
2.40873465906 41
2.41123321997 41
2.41373178089 44
2.4162303418 31
2.41872890272 48
2.42122746363 40
2.42372602454 49
2.42622458546 46
2.42872314637 46
2.43122170729 52
2.4337202682 42
2.43621882912 43
2.43871739003 49
2.44121595094 46
2.44371451186 41
2.44621307277 34
2.44871163369 42
2.4512101946 38
2.45370875551 39
2.45620731643 22
2.45870587734 30
2.46120443826 27
2.46370299917 20
2.46620156009 18
2.468700121 25
2.47119868191 21
2.47369724283 18
2.47619580374 19
2.47869436466 12
2.48119292557 19
2.48369148648 11
2.4861900474 9
2.48868860831 11
2.49118716923 1
2.49368573014 0
2.49618429106 0
2.49868285197 0
2.50118141288 0
2.5036799738 0
2.50617853471 0
2.50867709563 2
2.51117565654 2
2.51367421745 7
2.51617277837 15
2.51867133928 15
2.5211699002 11
2.52366846111 12
2.52616702203 17
2.52866558294 28
2.53116414385 22
2.53366270477 45
2.53616126568 49
2.5386598266 42
2.54115838751 45
2.54365694842 48
2.54615550934 59
2.54865407025 53
2.55115263117 62
2.55365119208 64
2.556149753 77
2.55864831391 58
2.56114687482 77
2.56364543574 67
2.56614399665 73
2.56864255757 88
2.57114111848 75
2.5736396794 95
2.57613824031 90
2.57863680122 83
2.58113536214 87
2.58363392305 90
2.58613248397 81
2.58863104488 99
2.59112960579 89
2.59362816671 87
2.59612672762 83
2.59862528854 82
2.60112384945 79
2.60362241037 92
2.60612097128 88
2.60861953219 80
2.61111809311 85
2.61361665402 93
2.61611521494 99
2.61861377585 76
2.62111233676 95
2.62361089768 104
2.62610945859 85
2.62860801951 108
2.63110658042 88
2.63360514134 87
2.63610370225 98
2.63860226316 81
2.64110082408 79
2.64359938499 99
2.64609794591 97
2.64859650682 95
2.65109506773 104
2.65359362865 100
2.65609218956 88
2.65859075048 77
2.66108931139 104
2.66358787231 97
2.66608643322 99
2.66858499413 105
2.67108355505 100
2.67358211596 117
2.67608067688 123
2.67857923779 112
2.6810777987 103
2.68357635962 90
2.68607492053 110
2.68857348145 93
2.69107204236 72
2.69357060328 82
2.69606916419 91
2.6985677251 96
2.70106628602 63
2.70356484693 45
2.70606340785 41
2.70856196876 40
2.71106052967 59
2.71355909059 46
2.7160576515 80
2.71855621242 56
2.72105477333 66
2.72355333425 67
2.72605189516 59
2.72855045607 71
2.73104901699 73
2.7335475779 88
2.73604613882 96
2.73854469973 85
2.74104326064 98
2.74354182156 100
2.74604038247 97
2.74853894339 103
2.7510375043 97
2.75353606522 80
2.75603462613 86
2.75853318704 132
2.76103174796 97
2.76353030887 107
2.76602886979 101
2.7685274307 103
2.77102599161 101
2.77352455253 93
2.77602311344 93
2.77852167436 96
2.78102023527 110
2.78351879619 140
2.7860173571 127
2.78851591801 106
2.79101447893 115
2.79351303984 118
2.79601160076 98
2.79851016167 105
2.80100872258 105
2.8035072835 74
2.80600584441 79
2.80850440533 59
2.81100296624 44
2.81350152716 37
2.81600008807 21
2.81849864898 7
2.8209972099 4
2.82349577081 0
2.82599433173 1
2.82849289264 8
2.83099145356 12
2.83349001447 21
2.83598857538 29
2.8384871363 32
2.84098569721 27
2.84348425813 31
2.84598281904 48
2.84848137995 40
2.85097994087 48
2.85347850178 47
2.8559770627 52
2.85847562361 53
2.86097418453 40
2.86347274544 32
2.86597130635 42
2.86846986727 39
2.87096842818 29
2.8734669891 46
2.87596555001 51
2.87846411092 37
2.88096267184 40
2.88346123275 42
2.88595979367 35
2.88845835458 44
2.8909569155 33
2.89345547641 29
2.89595403732 43
2.89845259824 50
2.90095115915 36
2.90344972007 39
2.90594828098 36
2.90844684189 48
2.91094540281 40
2.91344396372 37
2.91594252464 48
2.91844108555 39
2.92093964647 32
2.92343820738 49
2.92593676829 49
2.92843532921 48
2.93093389012 57
2.93343245104 52
2.93593101195 41
2.93842957286 42
2.94092813378 32
2.94342669469 40
2.94592525561 41
2.94842381652 35
2.95092237744 39
2.95342093835 15
2.95591949926 8
2.95841806018 14
2.96091662109 40
2.96341518201 63
2.96591374292 84
2.96841230383 89
2.97091086475 105
2.97340942566 97
2.97590798658 116
2.97840654749 124
2.98090510841 109
2.98340366932 125
2.98590223023 143
2.98840079115 127
2.99089935206 145
2.99339791298 135
2.99589647389 143
2.9983950348 148
3.00089359572 136
3.00339215663 130
3.00589071755 111
3.00838927846 130
3.01088783938 145
3.01338640029 141
3.0158849612 109
3.01838352212 157
3.02088208303 125
3.02338064395 137
3.02587920486 109
3.02837776577 97
3.03087632669 96
3.0333748876 135
3.03587344852 143
3.03837200943 166
3.04087057035 183
3.04336913126 185
3.04586769217 186
3.04836625309 200
3.050864814 211
3.05336337492 200
3.05586193583 211
3.05836049674 232
3.06085905766 253
3.06335761857 207
3.06585617949 213
3.0683547404 209
3.07085330132 214
3.07335186223 202
3.07585042314 180
3.07834898406 179
3.08084754497 224
3.08334610589 252
3.0858446668 253
3.08834322772 254
3.09084178863 228
3.09334034954 253
3.09583891046 241
3.09833747137 250
3.10083603229 263
3.1033345932 281
3.10583315411 285
3.10833171503 296
3.11083027594 296
3.11332883686 280
3.11582739777 304
3.11832595869 297
3.1208245196 318
3.12332308051 291
3.12582164143 276
3.12832020234 337
3.13081876326 337
3.13331732417 319
3.13581588508 323
3.138314446 300
3.14081300691 344
3.14331156783 350
3.14581012874 354
3.14830868966 299
3.15080725057 361
3.15330581148 369
3.1558043724 368
3.15830293331 377
3.16080149423 401
3.16330005514 446
3.16579861605 435
3.16829717697 448
3.17079573788 416
3.1732942988 398
3.17579285971 371
3.17829142063 380
3.18078998154 362
3.18328854245 308
3.18578710337 331
3.18828566428 288
3.1907842252 301
3.19328278611 300
3.19578134702 270
3.19827990794 274
3.20077846885 283
3.20327702977 265
3.20577559068 265
3.2082741516 225
3.21077271251 257
3.21327127342 237
3.21576983434 211
3.21826839525 215
3.22076695617 183
3.22326551708 172
3.22576407799 164
3.22826263891 144
3.23076119982 148
3.23325976074 137
3.23575832165 114
3.23825688257 105
3.24075544348 113
3.24325400439 94
3.24575256531 83
3.24825112622 86
