2.00003800643 17
2.00257987077 10
2.00512173512 5
2.00766359947 8
2.01020546381 9
2.01274732816 5
2.0152891925 5
2.01783105685 3
2.02037292119 10
2.02291478554 5
2.02545664988 7
2.02799851423 12
2.03054037857 4
2.03308224292 3
2.03562410726 8
2.03816597161 11
2.04070783595 7
2.0432497003 8
2.04579156464 6
2.04833342899 8
2.05087529334 7
2.05341715768 3
2.05595902203 6
2.05850088637 5
2.06104275072 6
2.06358461506 8
2.06612647941 7
2.06866834375 13
2.0712102081 5
2.07375207244 6
2.07629393679 12
2.07883580113 4
2.08137766548 10
2.08391952982 4
2.08646139417 7
2.08900325851 10
2.09154512286 10
2.09408698721 8
2.09662885155 13
2.0991707159 9
2.10171258024 12
2.10425444459 20
2.10679630893 17
2.10933817328 14
2.11188003762 12
2.11442190197 16
2.11696376631 15
2.11950563066 22
2.122047495 26
2.12458935935 17
2.12713122369 31
2.12967308804 24
2.13221495239 21
2.13475681673 35
2.13729868108 29
2.13984054542 29
2.14238240977 38
2.14492427411 47
2.14746613846 44
2.1500080028 49
2.15254986715 81
2.15509173149 61
2.15763359584 81
2.16017546018 82
2.16271732453 113
2.16525918887 75
2.16780105322 100
2.17034291756 96
2.17288478191 102
2.17542664626 117
2.1779685106 116
2.18051037495 141
2.18305223929 131
2.18559410364 151
2.18813596798 128
2.19067783233 163
2.19321969667 158
2.19576156102 174
2.19830342536 194
2.20084528971 173
2.20338715405 190
2.2059290184 199
2.20847088274 210
2.21101274709 239
2.21355461143 233
2.21609647578 251
2.21863834013 254
2.22118020447 267
2.22372206882 314
2.22626393316 321
2.22880579751 302
2.23134766185 302
2.2338895262 341
2.23643139054 339
2.23897325489 327
2.24151511923 319
2.24405698358 302
2.24659884792 319
2.24914071227 304
2.25168257661 329
2.25422444096 281
2.2567663053 333
2.25930816965 327
2.261850034 364
2.26439189834 379
2.26693376269 414
2.26947562703 430
2.27201749138 443
2.27455935572 427
2.27710122007 463
2.27964308441 484
2.28218494876 452
2.2847268131 515
2.28726867745 526
2.28981054179 535
2.29235240614 521
2.29489427048 474
2.29743613483 516
2.29997799918 489
2.30251986352 497
2.30506172787 511
2.30760359221 500
2.31014545656 499
2.3126873209 529
2.31522918525 522
2.31777104959 560
2.32031291394 548
2.32285477828 536
2.32539664263 578
2.32793850697 597
2.33048037132 543
2.33302223566 627
2.33556410001 635
2.33810596435 657
2.3406478287 669
2.34318969305 660
2.34573155739 699
2.34827342174 664
2.35081528608 693
2.35335715043 697
2.35589901477 628
2.35844087912 671
2.36098274346 672
2.36352460781 682
2.36606647215 658
2.3686083365 715
2.37115020084 681
2.37369206519 741
2.37623392953 706
2.37877579388 746
2.38131765822 744
2.38385952257 684
2.38640138692 735
2.38894325126 729
2.39148511561 675
2.39402697995 662
2.3965688443 684
2.39911070864 679
2.40165257299 627
2.40419443733 599
2.40673630168 621
2.40927816602 615
2.41182003037 547
2.41436189471 604
2.41690375906 642
2.4194456234 637
2.42198748775 563
2.4245293521 531
2.42707121644 569
2.42961308079 524
2.43215494513 562
2.43469680948 524
2.43723867382 505
2.43978053817 486
2.44232240251 502
2.44486426686 489
2.4474061312 454
2.44994799555 410
2.45248985989 406
2.45503172424 345
2.45757358858 344
2.46011545293 319
2.46265731727 312
2.46519918162 293
2.46774104597 275
2.47028291031 264
2.47282477466 266
2.475366639 247
2.47790850335 228
2.48045036769 215
2.48299223204 178
2.48553409638 135
2.48807596073 115
2.49061782507 80
2.49315968942 44
2.49570155376 27
2.49824341811 18
2.50078528245 12
2.5033271468 16
2.50586901114 21
2.50841087549 55
2.51095273984 103
2.51349460418 168
2.51603646853 236
2.51857833287 284
2.52112019722 372
2.52366206156 434
2.52620392591 465
2.52874579025 524
2.5312876546 550
2.53382951894 600
2.53637138329 599
2.53891324763 650
2.54145511198 692
2.54399697632 776
2.54653884067 758
2.54908070502 783
2.55162256936 756
2.55416443371 796
2.55670629805 803
2.5592481624 762
2.56179002674 815
2.56433189109 794
2.56687375543 900
2.56941561978 882
2.57195748412 888
2.57449934847 874
2.57704121281 956
2.57958307716 910
2.5821249415 902
2.58466680585 928
2.58720867019 876
2.58975053454 882
2.59229239889 962
2.59483426323 840
2.59737612758 936
2.59991799192 972
2.60245985627 923
2.60500172061 903
2.60754358496 1008
2.6100854493 1029
2.61262731365 1004
2.61516917799 1059
2.61771104234 971
2.62025290668 1082
2.62279477103 992
2.62533663537 980
2.62787849972 993
2.63042036406 978
2.63296222841 962
2.63550409276 891
2.6380459571 969
2.64058782145 1006
2.64312968579 1011
2.64567155014 954
2.64821341448 916
2.65075527883 900
2.65329714317 919
2.65583900752 841
2.65838087186 865
2.66092273621 861
2.66346460055 937
2.6660064649 875
2.66854832924 911
2.67109019359 897
2.67363205793 861
2.67617392228 897
2.67871578663 861
2.68125765097 875
2.68379951532 893
2.68634137966 969
2.68888324401 931
2.69142510835 908
2.6939669727 897
2.69650883704 880
2.69905070139 833
2.70159256573 767
2.70413443008 678
2.70667629442 674
2.70921815877 754
2.71176002311 785
2.71430188746 866
2.71684375181 833
2.71938561615 911
2.7219274805 909
2.72446934484 833
2.72701120919 860
2.72955307353 851
2.73209493788 833
2.73463680222 781
2.73717866657 790
2.73972053091 895
2.74226239526 784
2.7448042596 809
2.74734612395 849
2.74988798829 746
2.75242985264 791
2.75497171698 778
2.75751358133 827
2.76005544568 814
2.76259731002 929
2.76513917437 919
2.76768103871 981
2.77022290306 1030
2.7727647674 971
2.77530663175 957
2.77784849609 984
2.78039036044 957
2.78293222478 886
2.78547408913 904
2.78801595347 843
2.79055781782 819
2.79309968216 744
2.79564154651 732
2.79818341085 714
2.8007252752 654
2.80326713955 673
2.80580900389 681
2.80835086824 585
2.81089273258 541
2.81343459693 422
2.81597646127 296
2.81851832562 205
2.82106018996 67
2.82360205431 29
2.82614391865 25
2.828685783 76
2.83122764734 131
2.83376951169 187
2.83631137603 244
2.83885324038 223
2.84139510473 254
2.84393696907 258
2.84647883342 265
2.84902069776 289
2.85156256211 302
2.85410442645 356
2.8566462908 339
2.85918815514 382
2.86173001949 415
2.86427188383 460
2.86681374818 496
2.86935561252 447
2.87189747687 321
2.87443934121 310
2.87698120556 280
2.8795230699 305
2.88206493425 283
2.8846067986 290
2.88714866294 267
2.88969052729 252
2.89223239163 256
2.89477425598 230
2.89731612032 232
2.89985798467 264
2.90239984901 289
2.90494171336 268
2.9074835777 280
2.91002544205 282
2.91256730639 299
2.91510917074 267
2.91765103508 301
2.92019289943 275
2.92273476377 313
2.92527662812 296
2.92781849247 244
2.93036035681 266
2.93290222116 252
2.9354440855 245
2.93798594985 236
2.94052781419 251
2.94306967854 233
2.94561154288 232
2.94815340723 225
2.95069527157 219
2.95323713592 173
2.95577900026 116
2.95832086461 130
2.96086272895 215
2.9634045933 326
2.96594645764 340
2.96848832199 425
2.97103018634 444
2.97357205068 465
2.97611391503 461
2.97865577937 501
2.98119764372 486
2.98373950806 537
2.98628137241 550
2.98882323675 573
2.9913651011 558
2.99390696544 575
2.99644882979 603
2.99899069413 582
3.00153255848 567
3.00407442282 670
3.00661628717 632
3.00915815152 640
3.01170001586 659
3.01424188021 605
3.01678374455 632
3.0193256089 664
3.02186747324 676
3.02440933759 640
3.02695120193 606
3.02949306628 640
3.03203493062 628
3.03457679497 706
3.03711865931 763
3.03966052366 791
3.042202388 845
3.04474425235 775
3.04728611669 868
3.04982798104 832
3.05236984539 831
3.05491170973 877
3.05745357408 918
3.05999543842 924
3.06253730277 870
3.06507916711 913
3.06762103146 948
3.0701628958 849
3.07270476015 919
3.07524662449 856
3.07778848884 924
3.08033035318 876
3.08287221753 905
3.08541408187 955
3.08795594622 961
3.09049781056 991
3.09303967491 946
3.09558153926 939
3.0981234036 966
3.10066526795 978
3.10320713229 964
3.10574899664 996
3.10829086098 975
3.11083272533 954
3.11337458967 1008
3.11591645402 999
3.11845831836 975
3.12100018271 975
3.12354204705 953
3.1260839114 983
3.12862577574 891
3.13116764009 969
3.13370950444 919
3.13625136878 979
3.13879323313 934
3.14133509747 1012
3.14387696182 930
3.14641882616 942
3.14896069051 989
3.15150255485 882
3.1540444192 911
3.15658628354 927
3.15912814789 950
3.16167001223 964
3.16421187658 1017
3.16675374092 1047
3.16929560527 984
3.17183746961 966
3.17437933396 908
3.17692119831 817
3.17946306265 780
3.182004927 718
3.18454679134 733
3.18708865569 636
3.18963052003 601
3.19217238438 632
3.19471424872 570
3.19725611307 520
3.19979797741 508
3.20233984176 476
3.2048817061 461
3.20742357045 417
3.20996543479 367
3.21250729914 362
3.21504916348 335
3.21759102783 318
3.22013289218 297
3.22267475652 246
3.22521662087 231
3.22775848521 251
3.23030034956 194
3.2328422139 208
3.23538407825 184
3.23792594259 168
3.24046780694 150
3.24300967128 120
3.24555153563 95
3.24809339997 95
3.25063526432 77
3.25317712866 80
3.25571899301 62
3.25826085736 45
3.2608027217 47
3.26334458605 38
3.26588645039 26
3.26842831474 30
