2.00028886761 26
2.00277740984 26
2.00526595207 25
2.0077544943 14
2.01024303653 13
2.01273157876 18
2.01522012099 18
2.01770866322 19
2.02019720545 9
2.02268574768 12
2.02517428991 12
2.02766283214 13
2.03015137437 5
2.0326399166 8
2.03512845883 10
2.03761700106 8
2.04010554329 9
2.04259408552 9
2.04508262775 7
2.04757116998 5
2.05005971221 6
2.05254825444 8
2.05503679667 8
2.0575253389 8
2.06001388113 13
2.06250242336 8
2.06499096559 5
2.06747950781 5
2.06996805004 6
2.07245659227 4
2.0749451345 4
2.07743367673 3
2.07992221896 8
2.08241076119 9
2.08489930342 4
2.08738784565 9
2.08987638788 9
2.09236493011 7
2.09485347234 9
2.09734201457 5
2.0998305568 17
2.10231909903 9
2.10480764126 14
2.10729618349 11
2.10978472572 15
2.11227326795 15
2.11476181018 23
2.11725035241 35
2.11973889464 18
2.12222743687 34
2.1247159791 48
2.12720452133 38
2.12969306356 36
2.13218160579 42
2.13467014802 49
2.13715869025 62
2.13964723248 65
2.14213577471 75
2.14462431694 84
2.14711285917 93
2.14960140139 111
2.15208994362 113
2.15457848585 140
2.15706702808 114
2.15955557031 134
2.16204411254 140
2.16453265477 175
2.167021197 164
2.16950973923 195
2.17199828146 182
2.17448682369 211
2.17697536592 197
2.17946390815 230
2.18195245038 230
2.18444099261 223
2.18692953484 216
2.18941807707 243
2.1919066193 214
2.19439516153 239
2.19688370376 258
2.19937224599 283
2.20186078822 279
2.20434933045 298
2.20683787268 276
2.20932641491 265
2.21181495714 262
2.21430349937 288
2.2167920416 286
2.21928058383 313
2.22176912606 271
2.22425766829 279
2.22674621052 310
2.22923475275 301
2.23172329497 276
2.2342118372 300
2.23670037943 311
2.23918892166 292
2.24167746389 316
2.24416600612 349
2.24665454835 330
2.24914309058 324
2.25163163281 285
2.25412017504 344
2.25660871727 325
2.2590972595 368
2.26158580173 363
2.26407434396 349
2.26656288619 360
2.26905142842 367
2.27153997065 358
2.27402851288 348
2.27651705511 388
2.27900559734 369
2.28149413957 360
2.2839826818 400
2.28647122403 410
2.28895976626 394
2.29144830849 420
2.29393685072 390
2.29642539295 381
2.29891393518 456
2.30140247741 383
2.30389101964 400
2.30637956187 419
2.3088681041 458
2.31135664632 451
2.31384518855 435
2.31633373078 476
2.31882227301 451
2.32131081524 448
2.32379935747 490
2.3262878997 531
2.32877644193 479
2.33126498416 480
2.33375352639 521
2.33624206862 475
2.33873061085 480
2.34121915308 480
2.34370769531 475
2.34619623754 502
2.34868477977 465
2.351173322 507
2.35366186423 533
2.35615040646 482
2.35863894869 527
2.36112749092 451
2.36361603315 470
2.36610457538 470
2.36859311761 517
2.37108165984 464
2.37357020207 448
2.3760587443 495
2.37854728653 464
2.38103582876 491
2.38352437099 456
2.38601291322 506
2.38850145545 505
2.39098999768 458
2.3934785399 461
2.39596708213 411
2.39845562436 403
2.40094416659 395
2.40343270882 332
2.40592125105 367
2.40840979328 367
2.41089833551 354
2.41338687774 379
2.41587541997 395
2.4183639622 522
2.42085250443 336
2.42334104666 302
2.42582958889 331
2.42831813112 289
2.43080667335 280
2.43329521558 264
2.43578375781 236
2.43827230004 251
2.44076084227 254
2.4432493845 225
2.44573792673 221
2.44822646896 196
2.45071501119 199
2.45320355342 196
2.45569209565 194
2.45818063788 175
2.46066918011 158
2.46315772234 171
2.46564626457 149
2.4681348068 161
2.47062334903 125
2.47311189125 108
2.47560043348 120
2.47808897571 95
2.48057751794 82
2.48306606017 85
2.4855546024 71
2.48804314463 47
2.49053168686 49
2.49302022909 26
2.49550877132 25
2.49799731355 25
2.50048585578 24
2.50297439801 19
2.50546294024 26
2.50795148247 24
2.5104400247 37
2.51292856693 75
2.51541710916 89
2.51790565139 83
2.52039419362 85
2.52288273585 130
2.52537127808 135
2.52785982031 146
2.53034836254 186
2.53283690477 181
2.535325447 155
2.53781398923 158
2.54030253146 223
2.54279107369 207
2.54527961592 208
2.54776815815 202
2.55025670038 231
2.55274524261 229
2.55523378483 259
2.55772232706 244
2.56021086929 271
2.56269941152 238
2.56518795375 270
2.56767649598 259
2.57016503821 271
2.57265358044 301
2.57514212267 314
2.5776306649 316
2.58011920713 266
2.58260774936 225
2.58509629159 285
2.58758483382 276
2.59007337605 251
2.59256191828 268
2.59505046051 260
2.59753900274 236
2.60002754497 289
2.6025160872 254
2.60500462943 250
2.60749317166 254
2.60998171389 247
2.61247025612 243
2.61495879835 278
2.61744734058 240
2.61993588281 207
2.62242442504 257
2.62491296727 234
2.6274015095 275
2.62989005173 235
2.63237859396 237
2.63486713619 255
2.63735567841 239
2.63984422064 246
2.64233276287 255
2.6448213051 236
2.64730984733 217
2.64979838956 189
2.65228693179 195
2.65477547402 175
2.65726401625 174
2.65975255848 185
2.66224110071 163
2.66472964294 205
2.66721818517 184
2.6697067274 186
2.67219526963 157
2.67468381186 174
2.67717235409 161
2.67966089632 153
2.68214943855 170
2.68463798078 150
2.68712652301 166
2.68961506524 160
2.69210360747 132
2.6945921497 132
2.69708069193 121
2.69956923416 128
2.70205777639 129
2.70454631862 115
2.70703486085 116
2.70952340308 118
2.71201194531 97
2.71450048754 98
2.71698902976 128
2.71947757199 108
2.72196611422 119
2.72445465645 91
2.72694319868 113
2.72943174091 120
2.73192028314 121
2.73440882537 115
2.7368973676 120
2.73938590983 98
2.74187445206 126
2.74436299429 125
2.74685153652 117
2.74934007875 125
2.75182862098 98
2.75431716321 113
2.75680570544 114
2.75929424767 105
2.7617827899 108
2.76427133213 104
2.76675987436 93
2.76924841659 87
2.77173695882 81
2.77422550105 88
2.77671404328 82
2.77920258551 79
2.78169112774 62
2.78417966997 72
2.7866682122 61
2.78915675443 46
2.79164529666 66
2.79413383889 55
2.79662238112 64
2.79911092334 49
2.80159946557 47
2.8040880078 29
2.80657655003 49
2.80906509226 30
2.81155363449 36
2.81404217672 22
2.81653071895 19
2.81901926118 20
2.82150780341 18
2.82399634564 16
2.82648488787 21
2.8289734301 12
2.83146197233 12
2.83395051456 8
2.83643905679 17
2.83892759902 17
2.84141614125 20
2.84390468348 17
2.84639322571 16
2.84888176794 15
2.85137031017 19
2.8538588524 22
2.85634739463 23
2.85883593686 21
2.86132447909 18
2.86381302132 20
2.86630156355 24
2.86879010578 31
2.87127864801 25
2.87376719024 15
2.87625573247 15
2.87874427469 22
2.88123281692 29
2.88372135915 23
2.88620990138 24
2.88869844361 15
2.89118698584 19
2.89367552807 21
2.8961640703 16
2.89865261253 15
2.90114115476 18
2.90362969699 15
2.90611823922 20
2.90860678145 14
2.91109532368 19
2.91358386591 7
2.91607240814 17
2.91856095037 23
2.9210494926 15
2.92353803483 10
2.92602657706 10
2.92851511929 13
2.93100366152 23
2.93349220375 19
2.93598074598 7
2.93846928821 10
2.94095783044 14
2.94344637267 20
2.9459349149 20
2.94842345713 11
2.95091199936 10
2.95340054159 15
2.95588908382 9
2.95837762605 11
2.96086616827 20
2.9633547105 11
2.96584325273 11
2.96833179496 19
2.97082033719 16
2.97330887942 17
2.97579742165 18
2.97828596388 19
2.98077450611 26
2.98326304834 26
2.98575159057 35
2.9882401328 29
2.99072867503 29
2.99321721726 24
2.99570575949 27
2.99819430172 35
3.00068284395 26
3.00317138618 28
3.00565992841 27
3.00814847064 30
3.01063701287 30
3.0131255551 27
3.01561409733 24
3.01810263956 31
3.02059118179 24
3.02307972402 30
3.02556826625 29
3.02805680848 24
3.03054535071 22
3.03303389294 38
3.03552243517 23
3.0380109774 27
3.04049951963 25
3.04298806185 32
3.04547660408 25
3.04796514631 35
3.05045368854 27
3.05294223077 33
3.055430773 37
3.05791931523 44
3.06040785746 25
3.06289639969 44
3.06538494192 39
3.06787348415 31
3.07036202638 27
3.07285056861 40
3.07533911084 22
3.07782765307 37
3.0803161953 38
3.08280473753 29
3.08529327976 28
3.08778182199 26
3.09027036422 24
3.09275890645 39
3.09524744868 28
3.09773599091 24
3.10022453314 25
3.10271307537 32
3.1052016176 32
3.10769015983 18
3.11017870206 17
3.11266724429 26
3.11515578652 21
3.11764432875 17
3.12013287098 23
3.1226214132 19
3.12510995543 25
3.12759849766 31
3.13008703989 31
3.13257558212 22
3.13506412435 25
3.13755266658 20
3.14004120881 22
3.14252975104 24
3.14501829327 25
3.1475068355 14
3.14999537773 30
3.15248391996 19
3.15497246219 25
3.15746100442 16
3.15994954665 21
3.16243808888 28
3.16492663111 29
3.16741517334 25
3.16990371557 20
3.1723922578 24
3.17488080003 22
3.17736934226 18
3.17985788449 17
3.18234642672 24
3.18483496895 18
3.18732351118 10
3.18981205341 15
3.19230059564 17
3.19478913787 10
3.1972776801 12
3.19976622233 13
3.20225476456 10
3.20474330678 12
3.20723184901 5
3.20972039124 7
3.21220893347 11
3.2146974757 7
3.21718601793 13
3.21967456016 7
3.22216310239 2
3.22465164462 4
3.22714018685 6
3.22962872908 8
3.23211727131 5
3.23460581354 4
3.23709435577 8
3.239582898 4
3.24207144023 4
