0.0 14
0.00651888335427 20
0.0130377667085 13
0.0195566500628 13
0.0260755334171 11
0.0325944167713 13
0.0391133001256 15
0.0456321834799 13
0.0521510668341 10
0.0586699501884 16
0.0651888335427 16
0.0717077168969 16
0.0782266002512 17
0.0847454836055 21
0.0912643669597 14
0.097783250314 18
0.104302133668 19
0.110821017023 16
0.117339900377 22
0.123858783731 15
0.130377667085 17
0.13689655044 16
0.143415433794 20
0.149934317148 12
0.156453200502 18
0.162972083857 17
0.169490967211 12
0.176009850565 19
0.182528733919 16
0.189047617274 17
0.195566500628 12
0.202085383982 13
0.208604267337 20
0.215123150691 19
0.221642034045 18
0.228160917399 17
0.234679800754 21
0.241198684108 19
0.247717567462 21
0.254236450816 16
0.260755334171 18
0.267274217525 19
0.273793100879 26
0.280311984234 16
0.286830867588 11
0.293349750942 23
0.299868634296 30
0.306387517651 27
0.312906401005 23
0.319425284359 25
0.325944167713 27
0.332463051068 35
0.338981934422 26
0.345500817776 30
0.35201970113 32
0.358538584485 33
0.365057467839 28
0.371576351193 52
0.378095234548 50
0.384614117902 51
0.391133001256 55
0.39765188461 64
0.404170767965 58
0.410689651319 50
0.417208534673 73
0.423727418027 86
0.430246301382 73
0.436765184736 80
0.44328406809 87
0.449802951444 83
0.456321834799 74
0.462840718153 89
0.469359601507 100
0.475878484862 97
0.482397368216 95
0.48891625157 124
0.495435134924 111
0.501954018279 113
0.508472901633 135
0.514991784987 136
0.521510668341 137
0.528029551696 113
0.53454843505 135
0.541067318404 138
0.547586201758 148
0.554105085113 163
0.560623968467 153
0.567142851821 180
0.573661735176 162
0.58018061853 173
0.586699501884 181
0.593218385238 190
0.599737268593 205
0.606256151947 202
0.612775035301 221
0.619293918655 252
0.62581280201 231
0.632331685364 216
0.638850568718 232
0.645369452072 240
0.651888335427 217
0.658407218781 223
0.664926102135 213
0.67144498549 270
0.677963868844 263
0.684482752198 257
0.691001635552 248
0.697520518907 265
0.704039402261 275
0.710558285615 298
0.717077168969 314
0.723596052324 305
0.730114935678 293
0.736633819032 292
0.743152702386 317
0.749671585741 288
0.756190469095 327
0.762709352449 294
0.769228235804 284
0.775747119158 287
0.782266002512 300
0.788784885866 285
0.795303769221 282
0.801822652575 279
0.808341535929 293
0.814860419283 304
0.821379302638 271
0.827898185992 306
0.834417069346 314
0.840935952701 321
0.847454836055 306
0.853973719409 314
0.860492602763 328
0.867011486118 340
0.873530369472 327
0.880049252826 343
0.88656813618 340
0.893087019535 322
0.899605902889 322
0.906124786243 351
0.912643669597 340
0.919162552952 320
0.925681436306 338
0.93220031966 342
0.938719203015 306
0.945238086369 289
0.951756969723 304
0.958275853077 308
0.964794736432 302
0.971313619786 306
0.97783250314 354
0.984351386494 367
0.990870269849 339
0.997389153203 298
1.00390803656 361
1.01042691991 336
1.01694580327 348
1.02346468662 363
1.02998356997 340
1.03650245333 354
1.04302133668 320
1.04954022004 330
1.05605910339 294
1.06257798675 298
1.0690968701 264
1.07561575345 295
1.08213463681 311
1.08865352016 285
1.09517240352 300
1.10169128687 267
1.10821017023 252
1.11472905358 264
1.12124793693 286
1.12776682029 227
1.13428570364 251
1.140804587 227
1.14732347035 241
1.15384235371 231
1.16036123706 185
1.16688012041 194
1.17339900377 189
1.17991788712 177
1.18643677048 172
1.19295565383 168
1.19947453719 145
1.20599342054 147
1.21251230389 146
1.21903118725 148
1.2255500706 125
1.23206895396 98
1.23858783731 108
1.24510672067 107
1.25162560402 95
1.25814448737 90
1.26466337073 78
1.27118225408 42
1.27770113744 46
1.28422002079 38
1.29073890414 41
1.2972577875 22
1.30377667085 23
1.31029555421 20
1.31681443756 22
1.32333332092 52
1.32985220427 55
1.33637108762 78
1.34288997098 130
1.34940885433 151
1.35592773769 175
1.36244662104 183
1.3689655044 229
1.37548438775 198
1.3820032711 288
1.38852215446 301
1.39504103781 291
1.40155992117 315
1.40807880452 312
1.41459768788 365
1.42111657123 410
1.42763545458 360
1.43415433794 378
1.44067322129 377
1.44719210465 398
1.453710988 406
1.46022987136 412
1.46674875471 426
1.47326763806 503
1.47978652142 474
1.48630540477 518
1.49282428813 506
1.49934317148 499
1.50586205484 507
1.51238093819 462
1.51889982154 424
1.5254187049 408
1.53193758825 437
1.53845647161 458
1.54497535496 403
1.55149423832 441
1.55801312167 412
1.56453200502 428
1.57105088838 468
1.57756977173 440
1.58408865509 452
1.59060753844 443
1.5971264218 455
1.60364530515 446
1.6101641885 445
1.61668307186 479
1.62320195521 440
1.62972083857 443
1.63623972192 463
1.64275860528 440
1.64927748863 450
1.65579637198 433
1.66231525534 444
1.66883413869 465
1.67535302205 459
1.6818719054 432
1.68839078876 429
1.69490967211 402
1.70142855546 390
1.70794743882 381
1.71446632217 407
1.72098520553 396
1.72750408888 406
1.73402297224 373
1.74054185559 412
1.74706073894 398
1.7535796223 422
1.76009850565 430
1.76661738901 387
1.77313627236 358
1.77965515572 401
1.78617403907 406
1.79269292242 396
1.79921180578 376
1.80573068913 360
1.81224957249 388
1.81876845584 343
1.82528733919 259
1.83180622255 242
1.8383251059 245
1.84484398926 286
1.85136287261 318
1.85788175597 314
1.86440063932 321
1.87091952267 376
1.87743840603 346
1.88395728938 372
1.89047617274 351
1.89699505609 378
1.90351393945 396
1.9100328228 391
1.91655170615 402
1.92307058951 391
1.92958947286 381
1.93610835622 358
1.94262723957 374
1.94914612293 403
1.95566500628 345
1.96218388963 380
1.96870277299 393
1.97522165634 388
1.9817405397 447
1.98825942305 447
1.99477830641 463
2.00129718976 445
2.00781607311 413
2.01433495647 420
2.02085383982 412
2.02737272318 403
2.03389160653 426
2.04041048989 427
2.04692937324 365
2.05344825659 356
2.05996713995 377
2.0664860233 373
2.07300490666 352
2.07952379001 315
2.08604267337 284
2.09256155672 238
2.09908044007 210
2.10559932343 189
2.11211820678 146
2.11863709014 97
2.12515597349 40
2.13167485685 32
2.1381937402 15
2.14471262355 12
2.15123150691 26
2.15775039026 47
2.16426927362 63
2.17078815697 100
2.17730704033 104
2.18382592368 96
2.19034480703 116
2.19686369039 128
2.20338257374 130
2.2099014571 121
2.21642034045 122
2.22293922381 150
2.22945810716 125
2.23597699051 119
2.24249587387 120
2.24901475722 121
2.25553364058 111
2.26205252393 101
2.26857140729 109
2.27509029064 134
2.28160917399 123
2.28812805735 122
2.2946469407 103
2.30116582406 93
2.30768470741 109
2.31420359076 102
2.32072247412 118
2.32724135747 100
2.33376024083 114
2.34027912418 118
2.34679800754 92
2.35331689089 121
2.35983577424 130
2.3663546576 109
2.37287354095 121
2.37939242431 131
2.38591130766 156
2.39243019102 125
2.39894907437 134
2.40546795772 155
2.41198684108 119
2.41850572443 114
2.42502460779 131
2.43154349114 118
2.4380623745 113
2.44458125785 94
2.4511001412 112
2.45761902456 111
2.46413790791 105
2.47065679127 88
2.47717567462 71
2.48369455798 42
2.49021344133 77
2.49673232468 158
2.50325120804 227
2.50977009139 264
2.51628897475 274
2.5228078581 263
2.52932674146 257
2.53584562481 327
2.54236450816 287
2.54888339152 276
2.55540227487 303
2.56192115823 319
2.56844004158 304
2.57495892494 314
2.58147780829 319
2.58799669164 308
2.594515575 305
2.60103445835 307
2.60755334171 316
2.61407222506 277
2.62059110842 316
2.62710999177 306
2.63362887512 305
2.64014775848 317
2.64666664183 316
2.65318552519 295
2.65970440854 261
2.6662232919 259
2.67274217525 234
2.6792610586 276
2.68577994196 340
2.69229882531 347
2.69881770867 381
2.70533659202 431
2.71185547538 382
2.71837435873 453
2.72489324208 424
2.73141212544 412
2.73793100879 463
2.74444989215 459
2.7509687755 495
2.75748765886 494
2.76400654221 460
2.77052542556 526
2.77704430892 454
2.78356319227 479
2.79008207563 438
2.79660095898 441
2.80311984234 472
2.80963872569 518
2.81615760904 535
2.8226764924 529
2.82919537575 531
2.83571425911 516
2.84223314246 533
2.84875202581 527
2.85527090917 581
2.86178979252 557
2.86830867588 550
2.87482755923 600
2.88134644259 592
2.88786532594 555
2.89438420929 557
2.90090309265 581
2.907421976 614
2.91394085936 549
2.92045974271 547
2.92697862607 559
2.93349750942 601
2.94001639277 591
2.94653527613 606
2.95305415948 554
2.95957304284 595
2.96609192619 569
2.97261080955 606
2.9791296929 546
2.98564857625 550
2.99216745961 610
2.99868634296 590
3.00520522632 578
3.01172410967 621
3.01824299303 711
3.02476187638 683
3.03128075973 744
3.03779964309 676
3.04431852644 706
3.0508374098 593
3.05735629315 590
3.06387517651 559
3.07039405986 531
3.07691294321 497
3.08343182657 480
3.08995070992 464
3.09646959328 501
3.10298847663 419
3.10950735999 405
3.11602624334 450
3.12254512669 401
3.12906401005 378
3.1355828934 385
3.14210177676 378
3.14862066011 379
3.15513954347 311
3.16165842682 312
3.16817731017 283
3.17469619353 267
3.18121507688 248
3.18773396024 243
3.19425284359 198
3.20077172695 212
3.2072906103 186
3.21380949365 167
3.22032837701 158
3.22684726036 150
3.23336614372 115
3.23988502707 122
3.24640391043 109
3.25292279378 93
