2.00140983881 6
2.00399752601 2
2.00658521322 5
2.00917290042 4
2.01176058763 0
2.01434827483 4
2.01693596204 3
2.01952364924 6
2.02211133644 4
2.02469902365 6
2.02728671085 8
2.02987439806 8
2.03246208526 9
2.03504977247 6
2.03763745967 5
2.04022514687 5
2.04281283408 6
2.04540052128 7
2.04798820849 7
2.05057589569 8
2.0531635829 7
2.0557512701 5
2.0583389573 2
2.06092664451 9
2.06351433171 4
2.06610201892 6
2.06868970612 7
2.07127739333 4
2.07386508053 7
2.07645276773 8
2.07904045494 4
2.08162814214 10
2.08421582935 5
2.08680351655 7
2.08939120376 6
2.09197889096 11
2.09456657816 7
2.09715426537 7
2.09974195257 9
2.10232963978 11
2.10491732698 12
2.10750501419 9
2.11009270139 6
2.11268038859 12
2.1152680758 14
2.117855763 12
2.12044345021 11
2.12303113741 9
2.12561882462 12
2.12820651182 18
2.13079419902 10
2.13338188623 10
2.13596957343 17
2.13855726064 15
2.14114494784 10
2.14373263505 25
2.14632032225 27
2.14890800945 18
2.15149569666 25
2.15408338386 25
2.15667107107 21
2.15925875827 19
2.16184644548 39
2.16443413268 26
2.16702181988 34
2.16960950709 28
2.17219719429 36
2.1747848815 37
2.1773725687 27
2.1799602559 38
2.18254794311 36
2.18513563031 32
2.18772331752 41
2.19031100472 43
2.19289869193 53
2.19548637913 42
2.19807406633 64
2.20066175354 50
2.20324944074 45
2.20583712795 45
2.20842481515 46
2.21101250236 55
2.21360018956 57
2.21618787676 54
2.21877556397 51
2.22136325117 62
2.22395093838 48
2.22653862558 59
2.22912631279 70
2.23171399999 66
2.23430168719 89
2.2368893744 90
2.2394770616 94
2.24206474881 65
2.24465243601 90
2.24724012322 78
2.24982781042 72
2.25241549762 78
2.25500318483 71
2.25759087203 84
2.26017855924 96
2.26276624644 80
2.26535393365 96
2.26794162085 82
2.27052930805 111
2.27311699526 106
2.27570468246 103
2.27829236967 115
2.28088005687 111
2.28346774408 136
2.28605543128 135
2.28864311848 110
2.29123080569 124
2.29381849289 123
2.2964061801 129
2.2989938673 113
2.30158155451 120
2.30416924171 109
2.30675692891 124
2.30934461612 127
2.31193230332 105
2.31451999053 123
2.31710767773 129
2.31969536494 120
2.32228305214 126
2.32487073934 134
2.32745842655 140
2.33004611375 116
2.33263380096 137
2.33522148816 149
2.33780917537 127
2.34039686257 152
2.34298454977 113
2.34557223698 142
2.34815992418 123
2.35074761139 114
2.35333529859 128
2.3559229858 128
2.358510673 102
2.3610983602 127
2.36368604741 99
2.36627373461 108
2.36886142182 119
2.37144910902 99
2.37403679622 102
2.37662448343 130
2.37921217063 114
2.38179985784 110
2.38438754504 83
2.38697523225 112
2.38956291945 106
2.39215060665 128
2.39473829386 131
2.39732598106 129
2.39991366827 115
2.40250135547 119
2.40508904268 112
2.40767672988 114
2.41026441708 101
2.41285210429 93
2.41543979149 113
2.4180274787 115
2.4206151659 83
2.42320285311 97
2.42579054031 79
2.42837822751 82
2.43096591472 81
2.43355360192 80
2.43614128913 89
2.43872897633 65
2.44131666354 76
2.44390435074 61
2.44649203794 70
2.44907972515 67
2.45166741235 61
2.45425509956 56
2.45684278676 60
2.45943047397 53
2.46201816117 45
2.46460584837 52
2.46719353558 59
2.46978122278 56
2.47236890999 47
2.47495659719 28
2.4775442844 37
2.4801319716 35
2.4827196588 35
2.48530734601 25
2.48789503321 22
2.49048272042 13
2.49307040762 18
2.49565809483 21
2.49824578203 13
2.50083346923 11
2.50342115644 9
2.50600884364 8
2.50859653085 26
2.51118421805 22
2.51377190526 33
2.51635959246 48
2.51894727966 66
2.52153496687 65
2.52412265407 78
2.52671034128 77
2.52929802848 86
2.53188571569 96
2.53447340289 98
2.53706109009 105
2.5396487773 112
2.5422364645 99
2.54482415171 128
2.54741183891 135
2.54999952612 118
2.55258721332 107
2.55517490052 115
2.55776258773 105
2.56035027493 139
2.56293796214 134
2.56552564934 146
2.56811333654 151
2.57070102375 161
2.57328871095 167
2.57587639816 160
2.57846408536 161
2.58105177257 172
2.58363945977 128
2.58622714697 114
2.58881483418 113
2.59140252138 159
2.59399020859 113
2.59657789579 136
2.599165583 130
2.6017532702 127
2.6043409574 139
2.60692864461 152
2.60951633181 137
2.61210401902 115
2.61469170622 145
2.61727939343 151
2.61986708063 130
2.62245476783 140
2.62504245504 141
2.62763014224 118
2.63021782945 136
2.63280551665 133
2.63539320386 146
2.63798089106 139
2.64056857826 146
2.64315626547 128
2.64574395267 119
2.64833163988 129
2.65091932708 129
2.65350701429 118
2.65609470149 118
2.65868238869 126
2.6612700759 112
2.6638577631 125
2.66644545031 102
2.66903313751 108
2.67162082472 120
2.67420851192 112
2.67679619912 124
2.67938388633 101
2.68197157353 108
2.68455926074 104
2.68714694794 103
2.68973463515 107
2.69232232235 106
2.69491000955 85
2.69749769676 90
2.70008538396 106
2.70267307117 76
2.70526075837 84
2.70784844558 74
2.71043613278 88
2.71302381998 97
2.71561150719 85
2.71819919439 94
2.7207868816 127
2.7233745688 102
2.72596225601 106
2.72854994321 96
2.73113763041 108
2.73372531762 116
2.73631300482 102
2.73890069203 123
2.74148837923 100
2.74407606643 70
2.74666375364 88
2.74925144084 83
2.75183912805 93
2.75442681525 91
2.75701450246 78
2.75960218966 101
2.76218987686 102
2.76477756407 115
2.76736525127 113
2.76995293848 108
2.77254062568 130
2.77512831289 111
2.77771600009 96
2.78030368729 92
2.7828913745 88
2.7854790617 84
2.78806674891 61
2.79065443611 63
2.79324212332 82
2.79582981052 74
2.79841749772 73
2.80100518493 60
2.80359287213 71
2.80618055934 38
2.80876824654 41
2.81135593375 49
2.81394362095 25
2.81653130815 15
2.81911899536 16
2.82170668256 7
2.82429436977 5
2.82688205697 1
2.82946974418 4
2.83205743138 14
2.83464511858 18
2.83723280579 17
2.83982049299 14
2.8424081802 22
2.8449958674 25
2.84758355461 23
2.85017124181 25
2.85275892901 23
2.85534661622 27
2.85793430342 16
2.86052199063 22
2.86310967783 23
2.86569736504 16
2.86828505224 20
2.87087273944 14
2.87346042665 16
2.87604811385 21
2.87863580106 17
2.88122348826 22
2.88381117547 18
2.88639886267 16
2.88898654987 14
2.89157423708 20
2.89416192428 13
2.89674961149 12
2.89933729869 17
2.9019249859 13
2.9045126731 21
2.9071003603 21
2.90968804751 15
2.91227573471 20
2.91486342192 18
2.91745110912 9
2.92003879633 18
2.92262648353 14
2.92521417073 19
2.92780185794 16
2.93038954514 12
2.93297723235 16
2.93556491955 10
2.93815260675 12
2.94074029396 14
2.94332798116 11
2.94591566837 13
2.94850335557 12
2.95109104278 10
2.95367872998 13
2.95626641718 5
2.95885410439 6
2.96144179159 16
2.9640294788 17
2.966617166 27
2.96920485321 20
2.97179254041 25
2.97438022761 29
2.97696791482 31
2.97955560202 29
2.98214328923 34
2.98473097643 30
2.98731866364 30
2.98990635084 29
2.99249403804 25
2.99508172525 31
2.99766941245 25
3.00025709966 21
3.00284478686 38
3.00543247407 34
3.00802016127 27
3.01060784847 29
3.01319553568 32
3.01578322288 33
3.01837091009 27
3.02095859729 40
3.0235462845 24
3.0261339717 22
3.0287216589 29
3.03130934611 34
3.03389703331 35
3.03648472052 43
3.03907240772 38
3.04166009493 47
3.04424778213 33
3.04683546933 38
3.04942315654 34
3.05201084374 35
3.05459853095 39
3.05718621815 42
3.05977390536 54
3.06236159256 47
3.06494927976 45
3.06753696697 42
3.07012465417 41
3.07271234138 32
3.07530002858 43
3.07788771579 43
3.08047540299 44
3.08306309019 37
3.0856507774 37
3.0882384646 55
3.09082615181 41
3.09341383901 54
3.09600152622 44
3.09858921342 42
3.10117690062 46
3.10376458783 43
3.10635227503 48
3.10893996224 39
3.11152764944 53
3.11411533665 48
3.11670302385 47
3.11929071105 30
3.12187839826 53
3.12446608546 32
3.12705377267 39
3.12964145987 39
3.13222914707 42
3.13481683428 45
3.13740452148 47
3.13999220869 35
3.14257989589 39
3.1451675831 34
3.1477552703 36
3.1503429575 27
3.15293064471 26
3.15551833191 35
3.15810601912 48
3.16069370632 23
3.16328139353 41
3.16586908073 43
3.16845676793 37
3.17104445514 34
3.17363214234 26
3.17621982955 29
3.17880751675 26
3.18139520396 29
3.18398289116 26
3.18657057836 26
3.18915826557 18
3.19174595277 25
3.19433363998 21
3.19692132718 27
3.19950901439 12
3.20209670159 23
3.20468438879 18
3.207272076 11
3.2098597632 10
3.21244745041 10
3.21503513761 16
3.21762282482 9
3.22021051202 6
3.22279819922 11
3.22538588643 7
3.22797357363 6
3.23056126084 10
3.23314894804 10
3.23573663525 8
3.23832432245 2
3.24091200965 5
3.24349969686 10
3.24608738406 4
3.24867507127 2
3.25126275847 4
3.25385044568 4
3.25643813288 4
3.25902582008 1
3.26161350729 3
3.26420119449 3
3.2667888817 4
3.2693765689 2
3.27196425611 2
3.27455194331 0
3.27713963051 0
3.27972731772 2
3.28231500492 1
3.28490269213 0
3.28749037933 0
3.29007806654 0
3.29266575374 0
