2.01736109249 1
2.01979648096 0
2.02223186943 0
2.0246672579 0
2.02710264637 0
2.02953803485 0
2.03197342332 0
2.03440881179 0
2.03684420026 0
2.03927958873 0
2.0417149772 0
2.04415036567 1
2.04658575414 0
2.04902114261 0
2.05145653109 0
2.05389191956 0
2.05632730803 0
2.0587626965 0
2.06119808497 0
2.06363347344 0
2.06606886191 0
2.06850425038 0
2.07093963886 0
2.07337502733 0
2.0758104158 0
2.07824580427 0
2.08068119274 0
2.08311658121 0
2.08555196968 0
2.08798735815 0
2.09042274662 0
2.0928581351 0
2.09529352357 0
2.09772891204 0
2.10016430051 0
2.10259968898 0
2.10503507745 0
2.10747046592 0
2.10990585439 0
2.11234124286 0
2.11477663134 0
2.11721201981 0
2.11964740828 1
2.12208279675 1
2.12451818522 1
2.12695357369 0
2.12938896216 0
2.13182435063 0
2.1342597391 2
2.13669512758 0
2.13913051605 2
2.14156590452 0
2.14400129299 1
2.14643668146 1
2.14887206993 4
2.1513074584 2
2.15374284687 5
2.15617823534 3
2.15861362382 7
2.16104901229 5
2.16348440076 5
2.16591978923 10
2.1683551777 5
2.17079056617 7
2.17322595464 10
2.17566134311 7
2.17809673158 9
2.18053212006 8
2.18296750853 6
2.185402897 11
2.18783828547 20
2.19027367394 12
2.19270906241 18
2.19514445088 19
2.19757983935 16
2.20001522782 12
2.2024506163 16
2.20488600477 14
2.20732139324 13
2.20975678171 12
2.21219217018 14
2.21462755865 18
2.21706294712 16
2.21949833559 17
2.22193372406 17
2.22436911254 20
2.22680450101 19
2.22923988948 21
2.23167527795 19
2.23411066642 22
2.23654605489 22
2.23898144336 30
2.24141683183 39
2.24385222031 29
2.24628760878 42
2.24872299725 35
2.25115838572 41
2.25359377419 28
2.25602916266 38
2.25846455113 44
2.2608999396 37
2.26333532807 33
2.26577071655 36
2.26820610502 34
2.27064149349 34
2.27307688196 32
2.27551227043 30
2.2779476589 18
2.28038304737 26
2.28281843584 17
2.28525382431 24
2.28768921279 30
2.29012460126 17
2.29255998973 23
2.2949953782 18
2.29743076667 20
2.29986615514 15
2.30230154361 22
2.30473693208 21
2.30717232055 23
2.30960770903 20
2.3120430975 20
2.31447848597 23
2.31691387444 25
2.31934926291 15
2.32178465138 27
2.32422003985 22
2.32665542832 31
2.32909081679 26
2.33152620527 29
2.33396159374 16
2.33639698221 22
2.33883237068 30
2.34126775915 39
2.34370314762 38
2.34613853609 15
2.34857392456 39
2.35100931303 20
2.35344470151 31
2.35588008998 30
2.35831547845 40
2.36075086692 27
2.36318625539 32
2.36562164386 33
2.36805703233 34
2.3704924208 34
2.37292780927 31
2.37536319775 31
2.37779858622 37
2.38023397469 26
2.38266936316 27
2.38510475163 38
2.3875401401 25
2.38997552857 30
2.39241091704 25
2.39484630551 34
2.39728169399 32
2.39971708246 31
2.40215247093 32
2.4045878594 20
2.40702324787 28
2.40945863634 29
2.41189402481 31
2.41432941328 35
2.41676480175 26
2.41920019023 27
2.4216355787 27
2.42407096717 33
2.42650635564 22
2.42894174411 33
2.43137713258 25
2.43381252105 33
2.43624790952 30
2.438683298 22
2.44111868647 31
2.44355407494 28
2.44598946341 22
2.44842485188 21
2.45086024035 25
2.45329562882 28
2.45573101729 19
2.45816640576 17
2.46060179424 17
2.46303718271 16
2.46547257118 22
2.46790795965 9
2.47034334812 19
2.47277873659 13
2.47521412506 9
2.47764951353 11
2.480084902 12
2.48252029048 10
2.48495567895 12
2.48739106742 8
2.48982645589 4
2.49226184436 2
2.49469723283 1
2.4971326213 1
2.49956800977 0
2.50200339824 0
2.50443878672 0
2.50687417519 0
2.50930956366 1
2.51174495213 2
2.5141803406 4
2.51661572907 9
2.51905111754 11
2.52148650601 15
2.52392189448 16
2.52635728296 17
2.52879267143 25
2.5312280599 29
2.53366344837 38
2.53609883684 34
2.53853422531 29
2.54096961378 29
2.54340500225 31
2.54584039072 49
2.5482757792 47
2.55071116767 48
2.55314655614 50
2.55558194461 48
2.55801733308 65
2.56045272155 74
2.56288811002 60
2.56532349849 46
2.56775888696 61
2.57019427544 58
2.57262966391 61
2.57506505238 61
2.57750044085 62
2.57993582932 61
2.58237121779 67
2.58480660626 61
2.58724199473 67
2.5896773832 63
2.59211277168 64
2.59454816015 55
2.59698354862 48
2.59941893709 64
2.60185432556 48
2.60428971403 68
2.6067251025 50
2.60916049097 45
2.61159587945 40
2.61403126792 50
2.61646665639 47
2.61890204486 48
2.62133743333 61
2.6237728218 43
2.62620821027 50
2.62864359874 48
2.63107898721 50
2.63351437569 45
2.63594976416 52
2.63838515263 53
2.6408205411 41
2.64325592957 56
2.64569131804 54
2.64812670651 47
2.65056209498 46
2.65299748345 54
2.65543287193 52
2.6578682604 46
2.66030364887 43
2.66273903734 40
2.66517442581 54
2.66760981428 45
2.67004520275 55
2.67248059122 59
2.67491597969 72
2.67735136817 53
2.67978675664 56
2.68222214511 47
2.68465753358 59
2.68709292205 66
2.68952831052 56
2.69196369899 53
2.69439908746 42
2.69683447593 39
2.69926986441 37
2.70170525288 34
2.70414064135 26
2.70657602982 19
2.70901141829 19
2.71144680676 27
2.71388219523 31
2.7163175837 37
2.71875297217 17
2.72118836065 32
2.72362374912 31
2.72605913759 25
2.72849452606 46
2.73092991453 30
2.733365303 33
2.73580069147 39
2.73823607994 41
2.74067146841 41
2.74310685689 44
2.74554224536 36
2.74797763383 36
2.7504130223 50
2.75284841077 41
2.75528379924 45
2.75771918771 54
2.76015457618 35
2.76258996465 48
2.76502535313 44
2.7674607416 34
2.76989613007 47
2.77233151854 39
2.77476690701 52
2.77720229548 41
2.77963768395 43
2.78207307242 49
2.7845084609 49
2.78694384937 44
2.78937923784 47
2.79181462631 58
2.79425001478 52
2.79668540325 40
2.79912079172 34
2.80155618019 45
2.80399156866 28
2.80642695714 24
2.80886234561 15
2.81129773408 13
2.81373312255 17
2.81616851102 14
2.81860389949 2
2.82103928796 0
2.82347467643 0
2.8259100649 1
2.82834545338 6
2.83078084185 7
2.83321623032 15
2.83565161879 16
2.83808700726 15
2.84052239573 23
2.8429577842 24
2.84539317267 25
2.84782856114 32
2.85026394962 19
2.85269933809 25
2.85513472656 30
2.85757011503 29
2.8600055035 26
2.86244089197 19
2.86487628044 17
2.86731166891 23
2.86974705738 17
2.87218244586 27
2.87461783433 22
2.8770532228 28
2.87948861127 16
2.88192399974 25
2.88435938821 22
2.88679477668 21
2.88923016515 19
2.89166555362 21
2.8941009421 17
2.89653633057 20
2.89897171904 30
2.90140710751 19
2.90384249598 17
2.90627788445 26
2.90871327292 27
2.91114866139 22
2.91358404986 27
2.91601943834 17
2.91845482681 23
2.92089021528 18
2.92332560375 19
2.92576099222 20
2.92819638069 27
2.93063176916 26
2.93306715763 27
2.9355025461 33
2.93793793458 23
2.94037332305 21
2.94280871152 18
2.94524409999 26
2.94767948846 20
2.95011487693 17
2.9525502654 12
2.95498565387 4
2.95742104234 11
2.95985643082 16
2.96229181929 21
2.96472720776 39
2.96716259623 31
2.9695979847 46
2.97203337317 56
2.97446876164 56
2.97690415011 71
2.97933953859 79
2.98177492706 76
2.98421031553 79
2.986645704 82
2.98908109247 77
2.99151648094 78
2.99395186941 71
2.99638725788 63
2.99882264635 79
3.00125803483 57
3.0036934233 43
3.00612881177 43
3.00856420024 51
3.01099958871 45
3.01343497718 39
3.01587036565 38
3.01830575412 48
3.02074114259 29
3.02317653107 38
3.02561191954 34
3.02804730801 31
3.03048269648 25
3.03291808495 45
3.03535347342 50
3.03778886189 55
3.04022425036 57
3.04265963883 63
3.04509502731 69
3.04753041578 80
3.04996580425 64
3.05240119272 79
3.05483658119 71
3.05727196966 71
3.05970735813 82
3.0621427466 95
3.06457813507 81
3.06701352355 88
3.06944891202 71
3.07188430049 81
3.07431968896 65
3.07675507743 67
3.0791904659 63
3.08162585437 63
3.08406124284 62
3.08649663131 71
3.08893201979 58
3.09136740826 63
3.09380279673 56
3.0962381852 74
3.09867357367 63
3.10110896214 69
3.10354435061 79
3.10597973908 64
3.10841512755 71
3.11085051603 82
3.1132859045 70
3.11572129297 65
3.11815668144 66
3.12059206991 82
3.12302745838 69
3.12546284685 80
3.12789823532 82
3.13033362379 75
3.13276901227 70
3.13520440074 68
3.13763978921 75
3.14007517768 92
3.14251056615 98
3.14494595462 92
3.14738134309 85
3.14981673156 83
3.15225212004 95
3.15468750851 91
3.15712289698 96
3.15955828545 99
3.16199367392 114
3.16442906239 116
3.16686445086 126
3.16929983933 113
3.1717352278 123
3.17417061628 103
3.17660600475 104
3.17904139322 89
3.18147678169 92
3.18391217016 97
3.18634755863 84
3.1887829471 84
3.19121833557 72
3.19365372404 81
3.19608911252 60
3.19852450099 77
3.20095988946 82
3.20339527793 73
3.2058306664 70
3.20826605487 75
3.21070144334 70
3.21313683181 58
3.21557222028 71
3.21800760876 57
3.22044299723 50
3.2228783857 59
3.22531377417 39
3.22774916264 38
3.23018455111 32
3.23261993958 43
