2.00146923005 1
2.0040421424 0
2.00661505476 0
2.00918796711 0
2.01176087947 0
2.01433379182 0
2.01690670418 0
2.01947961653 0
2.02205252889 0
2.02462544124 0
2.0271983536 0
2.02977126595 0
2.03234417831 0
2.03491709066 0
2.03749000302 0
2.04006291537 0
2.04263582772 0
2.04520874008 0
2.04778165243 0
2.05035456479 0
2.05292747714 0
2.0555003895 0
2.05807330185 0
2.06064621421 0
2.06321912656 0
2.06579203892 0
2.06836495127 0
2.07093786363 0
2.07351077598 0
2.07608368834 0
2.07865660069 0
2.08122951305 0
2.0838024254 0
2.08637533775 0
2.08894825011 0
2.09152116246 0
2.09409407482 0
2.09666698717 0
2.09923989953 0
2.10181281188 0
2.10438572424 0
2.10695863659 0
2.10953154895 0
2.1121044613 0
2.11467737366 0
2.11725028601 0
2.11982319837 0
2.12239611072 0
2.12496902308 1
2.12754193543 0
2.13011484778 0
2.13268776014 0
2.13526067249 0
2.13783358485 0
2.1404064972 0
2.14297940956 0
2.14555232191 0
2.14812523427 0
2.15069814662 0
2.15327105898 0
2.15584397133 0
2.15841688369 0
2.16098979604 1
2.1635627084 0
2.16613562075 0
2.16870853311 3
2.17128144546 3
2.17385435782 1
2.17642727017 2
2.17900018252 4
2.18157309488 3
2.18414600723 4
2.18671891959 6
2.18929183194 3
2.1918647443 6
2.19443765665 7
2.19701056901 3
2.19958348136 3
2.20215639372 5
2.20472930607 3
2.20730221843 3
2.20987513078 3
2.21244804314 6
2.21502095549 5
2.21759386785 6
2.2201667802 10
2.22273969255 12
2.22531260491 14
2.22788551726 12
2.23045842962 7
2.23303134197 14
2.23560425433 19
2.23817716668 16
2.24075007904 19
2.24332299139 14
2.24589590375 14
2.2484688161 9
2.25104172846 16
2.25361464081 9
2.25618755317 3
2.25876046552 9
2.26133337788 3
2.26390629023 4
2.26647920258 4
2.26905211494 4
2.27162502729 3
2.27419793965 1
2.276770852 1
2.27934376436 2
2.28191667671 0
2.28448958907 2
2.28706250142 1
2.28963541378 0
2.29220832613 5
2.29478123849 5
2.29735415084 6
2.2999270632 1
2.30249997555 0
2.30507288791 2
2.30764580026 3
2.31021871262 2
2.31279162497 5
2.31536453732 4
2.31793744968 3
2.32051036203 4
2.32308327439 2
2.32565618674 8
2.3282290991 5
2.33080201145 2
2.33337492381 3
2.33594783616 4
2.33852074852 5
2.34109366087 8
2.34366657323 4
2.34623948558 4
2.34881239794 11
2.35138531029 10
2.35395822265 3
2.356531135 7
2.35910404735 9
2.36167695971 5
2.36424987206 6
2.36682278442 10
2.36939569677 10
2.37196860913 8
2.37454152148 7
2.37711443384 9
2.37968734619 3
2.38226025855 5
2.3848331709 6
2.38740608326 9
2.38997899561 7
2.39255190797 10
2.39512482032 8
2.39769773268 9
2.40027064503 9
2.40284355738 9
2.40541646974 7
2.40798938209 3
2.41056229445 10
2.4131352068 6
2.41570811916 7
2.41828103151 6
2.42085394387 9
2.42342685622 7
2.42599976858 9
2.42857268093 5
2.43114559329 5
2.43371850564 3
2.436291418 3
2.43886433035 6
2.44143724271 4
2.44401015506 4
2.44658306742 4
2.44915597977 8
2.45172889212 10
2.45430180448 3
2.45687471683 5
2.45944762919 7
2.46202054154 5
2.4645934539 1
2.46716636625 4
2.46973927861 3
2.47231219096 4
2.47488510332 5
2.47745801567 2
2.48003092803 3
2.48260384038 1
2.48517675274 3
2.48774966509 4
2.49032257745 0
2.4928954898 0
2.49546840215 0
2.49804131451 0
2.50061422686 0
2.50318713922 0
2.50576005157 0
2.50833296393 0
2.51090587628 0
2.51347878864 1
2.51605170099 2
2.51862461335 0
2.5211975257 0
2.52377043806 1
2.52634335041 4
2.52891626277 5
2.53148917512 7
2.53406208748 6
2.53663499983 4
2.53920791218 7
2.54178082454 11
2.54435373689 11
2.54692664925 11
2.5494995616 9
2.55207247396 16
2.55464538631 10
2.55721829867 12
2.55979121102 10
2.56236412338 18
2.56493703573 9
2.56750994809 18
2.57008286044 18
2.5726557728 12
2.57522868515 15
2.57780159751 15
2.58037450986 19
2.58294742222 13
2.58552033457 18
2.58809324692 19
2.59066615928 29
2.59323907163 23
2.59581198399 18
2.59838489634 22
2.6009578087 27
2.60353072105 17
2.60610363341 22
2.60867654576 18
2.61124945812 16
2.61382237047 15
2.61639528283 15
2.61896819518 14
2.62154110754 18
2.62411401989 13
2.62668693225 19
2.6292598446 13
2.63183275695 7
2.63440566931 12
2.63697858166 17
2.63955149402 16
2.64212440637 12
2.64469731873 11
2.64727023108 15
2.64984314344 11
2.65241605579 18
2.65498896815 17
2.6575618805 18
2.66013479286 19
2.66270770521 14
2.66528061757 21
2.66785352992 23
2.67042644228 15
2.67299935463 24
2.67557226698 17
2.67814517934 17
2.68071809169 20
2.68329100405 15
2.6858639164 7
2.68843682876 13
2.69100974111 13
2.69358265347 11
2.69615556582 8
2.69872847818 16
2.70130139053 4
2.70387430289 6
2.70644721524 3
2.7090201276 6
2.71159303995 3
2.71416595231 5
2.71673886466 5
2.71931177702 7
2.72188468937 5
2.72445760172 4
2.72703051408 3
2.72960342643 4
2.73217633879 5
2.73474925114 11
2.7373221635 8
2.73989507585 14
2.74246798821 14
2.74504090056 10
2.74761381292 10
2.75018672527 15
2.75275963763 6
2.75533254998 10
2.75790546234 6
2.76047837469 14
2.76305128705 14
2.7656241994 10
2.76819711175 10
2.77077002411 11
2.77334293646 12
2.77591584882 13
2.77848876117 13
2.78106167353 19
2.78363458588 21
2.78620749824 20
2.78878041059 15
2.79135332295 16
2.7939262353 15
2.79649914766 8
2.79907206001 7
2.80164497237 10
2.80421788472 13
2.80679079708 9
2.80936370943 8
2.81193662178 5
2.81450953414 5
2.81708244649 1
2.81965535885 1
2.8222282712 0
2.82480118356 0
2.82737409591 1
2.82994700827 1
2.83251992062 1
2.83509283298 9
2.83766574533 7
2.84023865769 7
2.84281157004 5
2.8453844824 8
2.84795739475 11
2.85053030711 7
2.85310321946 12
2.85567613182 17
2.85824904417 9
2.86082195652 9
2.86339486888 6
2.86596778123 10
2.86854069359 9
2.87111360594 8
2.8736865183 14
2.87625943065 10
2.87883234301 8
2.88140525536 8
2.88397816772 7
2.88655108007 11
2.88912399243 7
2.89169690478 10
2.89426981714 10
2.89684272949 9
2.89941564185 3
2.9019885542 7
2.90456146655 8
2.90713437891 8
2.90970729126 11
2.91228020362 7
2.91485311597 8
2.91742602833 12
2.91999894068 3
2.92257185304 6
2.92514476539 5
2.92771767775 7
2.9302905901 7
2.93286350246 8
2.93543641481 6
2.93800932717 4
2.94058223952 4
2.94315515188 3
2.94572806423 3
2.94830097658 1
2.95087388894 4
2.95344680129 1
2.95601971365 1
2.958592626 0
2.96116553836 4
2.96373845071 1
2.96631136307 4
2.96888427542 1
2.97145718778 10
2.97403010013 3
2.97660301249 6
2.97917592484 6
2.9817488372 13
2.98432174955 17
2.98689466191 25
2.98946757426 19
2.99204048662 25
2.99461339897 23
2.99718631132 38
2.99975922368 51
3.00233213603 35
3.00490504839 29
3.00747796074 26
3.0100508731 40
3.01262378545 23
3.01519669781 21
3.01776961016 24
3.02034252252 33
3.02291543487 23
3.02548834723 33
3.02806125958 14
3.03063417194 8
3.03320708429 10
3.03577999665 17
3.038352909 20
3.04092582135 21
3.04349873371 16
3.04607164606 11
3.04864455842 23
3.05121747077 22
3.05379038313 17
3.05636329548 20
3.05893620784 28
3.06150912019 19
3.06408203255 18
3.0666549449 16
3.06922785726 15
3.07180076961 7
3.07437368197 13
3.07694659432 10
3.07951950668 12
3.08209241903 18
3.08466533138 14
3.08723824374 7
3.08981115609 10
3.09238406845 15
3.0949569808 18
3.09752989316 15
3.10010280551 21
3.10267571787 23
3.10524863022 23
3.10782154258 18
3.11039445493 28
3.11296736729 24
3.11554027964 23
3.118113192 32
3.12068610435 29
3.12325901671 25
3.12583192906 22
3.12840484142 19
3.13097775377 21
3.13355066612 28
3.13612357848 18
3.13869649083 12
3.14126940319 33
3.14384231554 39
3.1464152279 30
3.14898814025 32
3.15156105261 29
3.15413396496 40
3.15670687732 36
3.15927978967 29
3.16185270203 33
3.16442561438 44
3.16699852674 41
3.16957143909 41
3.17214435145 39
3.1747172638 39
3.17729017615 47
3.17986308851 46
3.18243600086 33
3.18500891322 27
3.18758182557 27
3.19015473793 25
3.19272765028 28
3.19530056264 27
3.19787347499 27
3.20044638735 26
3.2030192997 16
3.20559221206 22
3.20816512441 26
3.21073803677 17
3.21331094912 28
3.21588386148 12
3.21845677383 21
3.22102968618 19
3.22360259854 10
3.22617551089 11
3.22874842325 11
3.2313213356 11
3.23389424796 17
3.23646716031 15
3.23904007267 17
3.24161298502 7
3.24418589738 6
3.24675880973 5
3.24933172209 12
3.25190463444 6
3.2544775468 2
3.25705045915 2
3.25962337151 1
3.26219628386 1
3.26476919622 0
3.26734210857 0
3.26991502092 0
3.27248793328 0
3.27506084563 0
3.27763375799 0
3.28020667034 0
3.2827795827 0
3.28535249505 0
