2.00146923005 1
2.0039624751 0
2.00645572014 0
2.00894896519 0
2.01144221024 0
2.01393545528 0
2.01642870033 0
2.01892194537 0
2.02141519042 0
2.02390843547 0
2.02640168051 0
2.02889492556 0
2.03138817061 0
2.03388141565 0
2.0363746607 0
2.03886790575 0
2.04136115079 0
2.04385439584 0
2.04634764089 0
2.04884088593 0
2.05133413098 0
2.05382737603 0
2.05632062107 0
2.05881386612 0
2.06130711117 0
2.06380035621 0
2.06629360126 0
2.0687868463 0
2.07128009135 0
2.0737733364 0
2.07626658144 0
2.07875982649 0
2.08125307154 0
2.08374631658 0
2.08623956163 0
2.08873280668 0
2.09122605172 0
2.09371929677 0
2.09621254182 0
2.09870578686 0
2.10119903191 0
2.10369227696 0
2.106185522 0
2.10867876705 0
2.1111720121 0
2.11366525714 0
2.11615850219 0
2.11865174724 0
2.12114499228 0
2.12363823733 0
2.12613148237 0
2.12862472742 0
2.13111797247 0
2.13361121751 0
2.13610446256 0
2.13859770761 0
2.14109095265 0
2.1435841977 0
2.14607744275 0
2.14857068779 0
2.15106393284 0
2.15355717789 0
2.15605042293 0
2.15854366798 0
2.16103691303 0
2.16353015807 0
2.16602340312 0
2.16851664817 0
2.17100989321 1
2.17350313826 2
2.17599638331 1
2.17848962835 1
2.1809828734 0
2.18347611844 1
2.18596936349 1
2.18846260854 3
2.19095585358 1
2.19344909863 2
2.19594234368 3
2.19843558872 2
2.20092883377 2
2.20342207882 0
2.20591532386 0
2.20840856891 2
2.21090181396 1
2.213395059 1
2.21588830405 3
2.2183815491 4
2.22087479414 4
2.22336803919 4
2.22586128424 4
2.22835452928 5
2.23084777433 6
2.23334101937 1
2.23583426442 1
2.23832750947 3
2.24082075451 2
2.24331399956 1
2.24580724461 1
2.24830048965 3
2.2507937347 0
2.25328697975 0
2.25578022479 0
2.25827346984 2
2.26076671489 0
2.26325995993 1
2.26575320498 0
2.26824645003 2
2.27073969507 2
2.27323294012 0
2.27572618517 1
2.27821943021 0
2.28071267526 3
2.28320592031 0
2.28569916535 2
2.2881924104 3
2.29068565544 1
2.29317890049 3
2.29567214554 0
2.29816539058 2
2.30065863563 0
2.30315188068 1
2.30564512572 1
2.30813837077 1
2.31063161582 0
2.31312486086 2
2.31561810591 1
2.31811135096 2
2.320604596 3
2.32309784105 0
2.3255910861 2
2.32808433114 4
2.33057757619 1
2.33307082124 2
2.33556406628 1
2.33805731133 2
2.34055055638 4
2.34304380142 2
2.34553704647 5
2.34803029151 2
2.35052353656 6
2.35301678161 7
2.35551002665 1
2.3580032717 7
2.36049651675 5
2.36298976179 6
2.36548300684 4
2.36797625189 5
2.37046949693 2
2.37296274198 10
2.37545598703 5
2.37794923207 6
2.38044247712 3
2.38293572217 7
2.38542896721 3
2.38792221226 5
2.39041545731 4
2.39290870235 3
2.3954019474 8
2.39789519244 5
2.40038843749 4
2.40288168254 3
2.40537492758 2
2.40786817263 4
2.41036141768 3
2.41285466272 5
2.41534790777 5
2.41784115282 5
2.42033439786 2
2.42282764291 7
2.42532088796 0
2.427814133 5
2.43030737805 9
2.4328006231 4
2.43529386814 6
2.43778711319 6
2.44028035824 6
2.44277360328 5
2.44526684833 4
2.44776009338 6
2.45025333842 8
2.45274658347 5
2.45523982851 5
2.45773307356 9
2.46022631861 6
2.46271956365 2
2.4652128087 3
2.46770605375 4
2.47019929879 7
2.47269254384 7
2.47518578889 3
2.47767903393 2
2.48017227898 2
2.48266552403 2
2.48515876907 2
2.48765201412 3
2.49014525917 1
2.49263850421 0
2.49513174926 0
2.49762499431 0
2.50011823935 0
2.5026114844 0
2.50510472944 0
2.50759797449 0
2.51009121954 0
2.51258446458 0
2.51507770963 2
2.51757095468 1
2.52006419972 2
2.52255744477 1
2.52505068982 2
2.52754393486 3
2.53003717991 4
2.53253042496 9
2.53502367 9
2.53751691505 3
2.5400101601 5
2.54250340514 10
2.54499665019 10
2.54748989524 9
2.54998314028 13
2.55247638533 7
2.55496963038 9
2.55746287542 3
2.55995612047 6
2.56244936551 5
2.56494261056 3
2.56743585561 9
2.56992910065 7
2.5724223457 12
2.57491559075 4
2.57740883579 5
2.57990208084 9
2.58239532589 9
2.58488857093 7
2.58738181598 3
2.58987506103 14
2.59236830607 8
2.59486155112 5
2.59735479617 8
2.59984804121 10
2.60234128626 7
2.60483453131 6
2.60732777635 11
2.6098210214 15
2.61231426645 20
2.61480751149 8
2.61730075654 16
2.61979400158 17
2.62228724663 16
2.62478049168 13
2.62727373672 15
2.62976698177 9
2.63226022682 12
2.63475347186 11
2.63724671691 11
2.63973996196 12
2.642233207 7
2.64472645205 16
2.6472196971 8
2.64971294214 11
2.65220618719 16
2.65469943224 17
2.65719267728 9
2.65968592233 12
2.66217916738 15
2.66467241242 23
2.66716565747 17
2.66965890251 20
2.67215214756 22
2.67464539261 14
2.67713863765 18
2.6796318827 11
2.68212512775 15
2.68461837279 10
2.68711161784 15
2.68960486289 14
2.69209810793 8
2.69459135298 8
2.69708459803 11
2.69957784307 14
2.70207108812 6
2.70456433317 6
2.70705757821 5
2.70955082326 6
2.71204406831 9
2.71453731335 12
2.7170305584 9
2.71952380345 7
2.72201704849 8
2.72451029354 7
2.72700353858 11
2.72949678363 10
2.73199002868 5
2.73448327372 12
2.73697651877 9
2.73946976382 15
2.74196300886 13
2.74445625391 13
2.74694949896 14
2.749442744 21
2.75193598905 6
2.7544292341 11
2.75692247914 8
2.75941572419 13
2.76190896924 15
2.76440221428 12
2.76689545933 15
2.76938870438 12
2.77188194942 13
2.77437519447 16
2.77686843952 18
2.77936168456 20
2.78185492961 29
2.78434817465 28
2.7868414197 24
2.78933466475 25
2.79182790979 27
2.79432115484 20
2.79681439989 22
2.79930764493 16
2.80180088998 21
2.80429413503 9
2.80678738007 7
2.80928062512 9
2.81177387017 5
2.81426711521 3
2.81676036026 1
2.81925360531 1
2.82174685035 0
2.8242400954 0
2.82673334045 0
2.82922658549 1
2.83171983054 3
2.83421307558 1
2.83670632063 2
2.83919956568 6
2.84169281072 1
2.84418605577 4
2.84667930082 15
2.84917254586 6
2.85166579091 8
2.85415903596 16
2.856652281 7
2.85914552605 9
2.8616387711 6
2.86413201614 10
2.86662526119 9
2.86911850624 10
2.87161175128 13
2.87410499633 9
2.87659824138 10
2.87909148642 3
2.88158473147 9
2.88407797652 10
2.88657122156 5
2.88906446661 6
2.89155771165 8
2.8940509567 3
2.89654420175 8
2.89903744679 9
2.90153069184 6
2.90402393689 4
2.90651718193 11
2.90901042698 10
2.91150367203 8
2.91399691707 7
2.91649016212 10
2.91898340717 5
2.92147665221 2
2.92396989726 6
2.92646314231 6
2.92895638735 4
2.9314496324 6
2.93394287745 8
2.93643612249 7
2.93892936754 8
2.94142261258 3
2.94391585763 4
2.94640910268 4
2.94890234772 3
2.95139559277 2
2.95388883782 1
2.95638208286 1
2.95887532791 0
2.96136857296 5
2.963861818 5
2.96635506305 2
2.9688483081 5
2.97134155314 11
2.97383479819 6
2.97632804324 3
2.97882128828 6
2.98131453333 13
2.98380777838 11
2.98630102342 13
2.98879426847 13
2.99128751352 15
2.99378075856 20
2.99627400361 22
2.99876724865 29
3.0012604937 29
3.00375373875 31
3.00624698379 31
3.00874022884 42
3.01123347389 43
3.01372671893 42
3.01621996398 25
3.01871320903 48
3.02120645407 42
3.02369969912 40
3.02619294417 30
3.02868618921 16
3.03117943426 11
3.03367267931 15
3.03616592435 13
3.0386591694 20
3.04115241445 22
3.04364565949 28
3.04613890454 31
3.04863214959 30
3.05112539463 20
3.05361863968 19
3.05611188472 21
3.05860512977 21
3.06109837482 24
3.06359161986 17
3.06608486491 24
3.06857810996 25
3.071071355 13
3.07356460005 23
3.0760578451 14
3.07855109014 22
3.08104433519 37
3.08353758024 27
3.08603082528 21
3.08852407033 22
3.09101731538 32
3.09351056042 26
3.09600380547 33
3.09849705052 28
3.10099029556 46
3.10348354061 42
3.10597678565 42
3.1084700307 38
3.11096327575 45
3.11345652079 46
3.11594976584 48
3.11844301089 55
3.12093625593 47
3.12342950098 46
3.12592274603 48
3.12841599107 59
3.13090923612 51
3.13340248117 49
3.13589572621 52
3.13838897126 46
3.14088221631 78
3.14337546135 77
3.1458687064 79
3.14836195145 76
3.15085519649 84
3.15334844154 79
3.15584168659 81
3.15833493163 61
3.16082817668 74
3.16332142172 89
3.16581466677 86
3.16830791182 102
3.17080115686 96
3.17329440191 81
3.17578764696 85
3.178280892 83
3.18077413705 86
3.1832673821 67
3.18576062714 78
3.18825387219 70
3.19074711724 51
3.19324036228 67
3.19573360733 61
3.19822685238 55
3.20072009742 55
3.20321334247 50
3.20570658752 60
3.20819983256 49
3.21069307761 37
3.21318632266 47
3.2156795677 35
3.21817281275 47
3.22066605779 33
3.22315930284 42
3.22565254789 23
3.22814579293 32
3.23063903798 33
3.23313228303 36
3.23562552807 21
3.23811877312 30
3.24061201817 18
3.24310526321 16
3.24559850826 11
