2.00209719997 3
2.00469769909 1
2.00729819821 3
2.00989869733 2
2.01249919645 0
2.01509969557 0
2.0177001947 0
2.02030069382 2
2.02290119294 3
2.02550169206 4
2.02810219118 0
2.0307026903 2
2.03330318942 4
2.03590368854 1
2.03850418766 1
2.04110468678 0
2.0437051859 2
2.04630568503 2
2.04890618415 0
2.05150668327 0
2.05410718239 2
2.05670768151 1
2.05930818063 0
2.06190867975 1
2.06450917887 2
2.06710967799 2
2.06971017711 2
2.07231067624 0
2.07491117536 0
2.07751167448 0
2.0801121736 2
2.08271267272 3
2.08531317184 0
2.08791367096 2
2.09051417008 2
2.0931146692 0
2.09571516832 1
2.09831566745 0
2.10091616657 1
2.10351666569 3
2.10611716481 2
2.10871766393 1
2.11131816305 2
2.11391866217 7
2.11651916129 10
2.11911966041 6
2.12172015953 6
2.12432065865 4
2.12692115778 10
2.1295216569 10
2.13212215602 13
2.13472265514 11
2.13732315426 20
2.13992365338 19
2.1425241525 15
2.14512465162 19
2.14772515074 27
2.15032564986 21
2.15292614899 35
2.15552664811 39
2.15812714723 22
2.16072764635 39
2.16332814547 56
2.16592864459 53
2.16852914371 48
2.17112964283 57
2.17373014195 51
2.17633064107 56
2.1789311402 67
2.18153163932 61
2.18413213844 68
2.18673263756 77
2.18933313668 80
2.1919336358 82
2.19453413492 78
2.19713463404 90
2.19973513316 75
2.20233563228 101
2.2049361314 96
2.20753663053 87
2.21013712965 116
2.21273762877 108
2.21533812789 95
2.21793862701 113
2.22053912613 110
2.22313962525 116
2.22574012437 112
2.22834062349 154
2.23094112261 142
2.23354162174 157
2.23614212086 169
2.23874261998 181
2.2413431191 179
2.24394361822 180
2.24654411734 183
2.24914461646 173
2.25174511558 179
2.2543456147 178
2.25694611382 170
2.25954661295 211
2.26214711207 196
2.26474761119 220
2.26734811031 217
2.26994860943 228
2.27254910855 237
2.27514960767 270
2.27775010679 251
2.28035060591 266
2.28295110503 258
2.28555160415 263
2.28815210328 251
2.2907526024 262
2.29335310152 262
2.29595360064 246
2.29855409976 279
2.30115459888 280
2.303755098 273
2.30635559712 285
2.30895609624 245
2.31155659536 268
2.31415709449 290
2.31675759361 285
2.31935809273 299
2.32195859185 290
2.32455909097 276
2.32715959009 296
2.32976008921 303
2.33236058833 279
2.33496108745 296
2.33756158657 298
2.3401620857 322
2.34276258482 288
2.34536308394 301
2.34796358306 304
2.35056408218 332
2.3531645813 319
2.35576508042 342
2.35836557954 292
2.36096607866 331
2.36356657778 279
2.36616707691 255
2.36876757603 321
2.37136807515 255
2.37396857427 303
2.37656907339 328
2.37916957251 362
2.38177007163 353
2.38437057075 315
2.38697106987 358
2.38957156899 345
2.39217206811 334
2.39477256724 356
2.39737306636 318
2.39997356548 260
2.4025740646 311
2.40517456372 324
2.40777506284 287
2.41037556196 289
2.41297606108 259
2.4155765602 290
2.41817705932 321
2.42077755845 287
2.42337805757 287
2.42597855669 278
2.42857905581 314
2.43117955493 257
2.43378005405 231
2.43638055317 233
2.43898105229 223
2.44158155141 241
2.44418205053 227
2.44678254966 180
2.44938304878 184
2.4519835479 182
2.45458404702 180
2.45718454614 173
2.45978504526 163
2.46238554438 152
2.4649860435 159
2.46758654262 157
2.47018704174 127
2.47278754086 118
2.47538803999 122
2.47798853911 104
2.48058903823 95
2.48318953735 73
2.48579003647 59
2.48839053559 51
2.49099103471 28
2.49359153383 9
2.49619203295 10
2.49879253207 8
2.5013930312 6
2.50399353032 7
2.50659402944 11
2.50919452856 43
2.51179502768 73
2.5143955268 130
2.51699602592 140
2.51959652504 185
2.52219702416 220
2.52479752328 263
2.52739802241 270
2.52999852153 273
2.53259902065 324
2.53519951977 360
2.53780001889 333
2.54040051801 391
2.54300101713 405
2.54560151625 394
2.54820201537 424
2.55080251449 408
2.55340301361 413
2.55600351274 409
2.55860401186 441
2.56120451098 432
2.5638050101 456
2.56640550922 449
2.56900600834 487
2.57160650746 487
2.57420700658 474
2.5768075057 515
2.57940800482 538
2.58200850395 531
2.58460900307 461
2.58720950219 480
2.58981000131 475
2.59241050043 498
2.59501099955 481
2.59761149867 504
2.60021199779 474
2.60281249691 487
2.60541299603 450
2.60801349516 504
2.61061399428 486
2.6132144934 477
2.61581499252 516
2.61841549164 478
2.62101599076 495
2.62361648988 483
2.626216989 466
2.62881748812 505
2.63141798724 466
2.63401848636 435
2.63661898549 475
2.63921948461 451
2.64181998373 530
2.64442048285 485
2.64702098197 429
2.64962148109 447
2.65222198021 474
2.65482247933 455
2.65742297845 437
2.66002347757 468
2.6626239767 442
2.66522447582 439
2.66782497494 412
2.67042547406 446
2.67302597318 385
2.6756264723 425
2.67822697142 437
2.68082747054 430
2.68342796966 382
2.68602846878 432
2.68862896791 409
2.69122946703 465
2.69382996615 401
2.69643046527 417
2.69903096439 441
2.70163146351 374
2.70423196263 309
2.70683246175 369
2.70943296087 356
2.71203345999 407
2.71463395911 459
2.71723445824 444
2.71983495736 476
2.72243545648 451
2.7250359556 457
2.72763645472 478
2.73023695384 510
2.73283745296 478
2.73543795208 462
2.7380384512 465
2.74063895032 473
2.74323944945 434
2.74583994857 390
2.74844044769 391
2.75104094681 454
2.75364144593 394
2.75624194505 437
2.75884244417 381
2.76144294329 414
2.76404344241 440
2.76664394153 456
2.76924444066 476
2.77184493978 423
2.7744454389 437
2.77704593802 487
2.77964643714 439
2.78224693626 484
2.78484743538 445
2.7874479345 397
2.79004843362 406
2.79264893274 369
2.79524943186 393
2.79784993099 410
2.80045043011 375
2.80305092923 332
2.80565142835 287
2.80825192747 260
2.81085242659 215
2.81345292571 179
2.81605342483 116
2.81865392395 49
2.82125442307 28
2.8238549222 8
2.82645542132 10
2.82905592044 34
2.83165641956 56
2.83425691868 91
2.8368574178 130
2.83945791692 104
2.84205841604 126
2.84465891516 126
2.84725941428 151
2.84985991341 159
2.85246041253 147
2.85506091165 167
2.85766141077 172
2.86026190989 174
2.86286240901 195
2.86546290813 211
2.86806340725 178
2.87066390637 167
2.87326440549 133
2.87586490461 129
2.87846540374 142
2.88106590286 134
2.88366640198 128
2.8862669011 117
2.88886740022 129
2.89146789934 131
2.89406839846 143
2.89666889758 128
2.8992693967 144
2.90186989582 142
2.90447039495 139
2.90707089407 133
2.90967139319 154
2.91227189231 148
2.91487239143 171
2.91747289055 163
2.92007338967 156
2.92267388879 191
2.92527438791 178
2.92787488703 176
2.93047538616 181
2.93307588528 158
2.9356763844 148
2.93827688352 142
2.94087738264 146
2.94347788176 155
2.94607838088 129
2.94867888 135
2.95127937912 143
2.95387987824 89
2.95648037736 63
2.95908087649 90
2.96168137561 186
2.96428187473 257
2.96688237385 312
2.96948287297 331
2.97208337209 309
2.97468387121 297
2.97728437033 312
2.97988486945 346
2.98248536857 351
2.9850858677 361
2.98768636682 385
2.99028686594 394
2.99288736506 357
2.99548786418 358
2.9980883633 405
3.00068886242 385
3.00328936154 448
3.00588986066 406
3.00849035978 374
3.01109085891 406
3.01369135803 399
3.01629185715 394
3.01889235627 407
3.02149285539 362
3.02409335451 396
3.02669385363 349
3.02929435275 353
3.03189485187 373
3.03449535099 449
3.03709585011 467
3.03969634924 499
3.04229684836 540
3.04489734748 544
3.0474978466 538
3.05009834572 558
3.05269884484 573
3.05529934396 591
3.05789984308 563
3.0605003422 596
3.06310084132 611
3.06570134045 642
3.06830183957 617
3.07090233869 648
3.07350283781 620
3.07610333693 648
3.07870383605 689
3.08130433517 776
3.08390483429 746
3.08650533341 796
3.08910583253 800
3.09170633166 827
3.09430683078 870
3.0969073299 861
3.09950782902 910
3.10210832814 836
3.10470882726 822
3.10730932638 922
3.1099098255 861
3.11251032462 863
3.11511082374 906
3.11771132286 887
3.12031182199 890
3.12291232111 889
3.12551282023 904
3.12811331935 898
3.13071381847 925
3.13331431759 897
3.13591481671 808
3.13851531583 846
3.14111581495 853
3.14371631407 817
3.1463168132 782
3.14891731232 770
3.15151781144 763
3.15411831056 762
3.15671880968 729
3.1593193088 704
3.16191980792 751
3.16452030704 841
3.16712080616 887
3.16972130528 823
3.17232180441 799
3.17492230353 785
3.17752280265 674
3.18012330177 655
3.18272380089 617
3.18532430001 577
3.18792479913 525
3.19052529825 579
3.19312579737 546
3.19572629649 496
3.19832679562 467
3.20092729474 465
3.20352779386 472
3.20612829298 430
3.2087287921 368
3.21132929122 408
3.21392979034 363
3.21653028946 351
3.21913078858 306
3.2217312877 313
3.22433178682 250
3.22693228595 235
3.22953278507 229
3.23213328419 212
3.23473378331 184
3.23733428243 174
3.23993478155 155
3.24253528067 138
3.24513577979 108
3.24773627891 123
3.25033677803 102
3.25293727716 91
3.25553777628 60
3.2581382754 52
3.26073877452 39
3.26333927364 26
3.26593977276 27
3.26854027188 15
3.271140771 11
3.27374127012 8
3.27634176924 6
3.27894226837 8
3.28154276749 6
3.28414326661 4
3.28674376573 6
3.28934426485 7
3.29194476397 6
3.29454526309 7
3.29714576221 7
3.29974626133 6
