2.00794401265 2
2.01053180976 0
2.01311960687 0
2.01570740398 0
2.01829520109 0
2.0208829982 0
2.02347079531 0
2.02605859242 0
2.02864638953 0
2.03123418664 0
2.03382198376 0
2.03640978087 0
2.03899757798 0
2.04158537509 0
2.0441731722 0
2.04676096931 0
2.04934876642 0
2.05193656353 0
2.05452436064 1
2.05711215775 0
2.05969995486 0
2.06228775197 0
2.06487554908 1
2.0674633462 0
2.07005114331 0
2.07263894042 0
2.07522673753 0
2.07781453464 3
2.08040233175 1
2.08299012886 0
2.08557792597 0
2.08816572308 0
2.09075352019 1
2.0933413173 0
2.09592911441 0
2.09851691152 0
2.10110470863 1
2.10369250575 0
2.10628030286 1
2.10886809997 0
2.11145589708 0
2.11404369419 0
2.1166314913 1
2.11921928841 1
2.12180708552 0
2.12439488263 2
2.12698267974 4
2.12957047685 7
2.13215827396 3
2.13474607107 3
2.13733386819 4
2.1399216653 9
2.14250946241 8
2.14509725952 9
2.14768505663 14
2.15027285374 9
2.15286065085 11
2.15544844796 19
2.15803624507 14
2.16062404218 17
2.16321183929 29
2.1657996364 28
2.16838743351 20
2.17097523063 32
2.17356302774 20
2.17615082485 23
2.17873862196 23
2.18132641907 31
2.18391421618 33
2.18650201329 28
2.1890898104 29
2.19167760751 43
2.19426540462 40
2.19685320173 30
2.19944099884 35
2.20202879595 38
2.20461659307 39
2.20720439018 50
2.20979218729 34
2.2123799844 41
2.21496778151 34
2.21755557862 44
2.22014337573 57
2.22273117284 36
2.22531896995 43
2.22790676706 47
2.23049456417 49
2.23308236128 53
2.23567015839 47
2.23825795551 63
2.24084575262 62
2.24343354973 45
2.24602134684 61
2.24860914395 72
2.25119694106 73
2.25378473817 76
2.25637253528 81
2.25896033239 71
2.2615481295 73
2.26413592661 75
2.26672372372 87
2.26931152083 113
2.27189931794 106
2.27448711506 131
2.27707491217 114
2.27966270928 113
2.28225050639 106
2.2848383035 111
2.28742610061 113
2.29001389772 105
2.29260169483 136
2.29518949194 116
2.29777728905 133
2.30036508616 118
2.30295288327 105
2.30554068038 114
2.3081284775 110
2.31071627461 127
2.31330407172 115
2.31589186883 105
2.31847966594 111
2.32106746305 106
2.32365526016 113
2.32624305727 96
2.32883085438 101
2.33141865149 119
2.3340064486 105
2.33659424571 100
2.33918204282 108
2.34176983994 109
2.34435763705 108
2.34694543416 89
2.34953323127 95
2.35212102838 83
2.35470882549 105
2.3572966226 117
2.35988441971 112
2.36247221682 108
2.36506001393 126
2.36764781104 110
2.37023560815 100
2.37282340526 97
2.37541120238 95
2.37799899949 119
2.3805867966 110
2.38317459371 108
2.38576239082 103
2.38835018793 112
2.39093798504 133
2.39352578215 126
2.39611357926 127
2.39870137637 126
2.40128917348 108
2.40387697059 116
2.4064647677 105
2.40905256482 102
2.41164036193 103
2.41422815904 105
2.41681595615 105
2.41940375326 117
2.42199155037 98
2.42457934748 110
2.42716714459 118
2.4297549417 116
2.43234273881 109
2.43493053592 98
2.43751833303 99
2.44010613014 99
2.44269392725 117
2.44528172437 84
2.44786952148 89
2.45045731859 64
2.4530451157 78
2.45563291281 79
2.45822070992 71
2.46080850703 63
2.46339630414 64
2.46598410125 56
2.46857189836 47
2.47115969547 44
2.47374749258 44
2.47633528969 44
2.47892308681 35
2.48151088392 46
2.48409868103 31
2.48668647814 23
2.48927427525 21
2.49186207236 6
2.49444986947 2
2.49703766658 2
2.49962546369 4
2.5022132608 0
2.50480105791 3
2.50738885502 3
2.50997665213 11
2.51256444925 18
2.51515224636 34
2.51774004347 52
2.52032784058 66
2.52291563769 84
2.5255034348 102
2.52809123191 110
2.53067902902 113
2.53326682613 147
2.53585462324 134
2.53844242035 134
2.54103021746 145
2.54361801457 137
2.54620581169 161
2.5487936088 154
2.55138140591 171
2.55396920302 187
2.55655700013 171
2.55914479724 181
2.56173259435 171
2.56432039146 175
2.56690818857 202
2.56949598568 200
2.57208378279 203
2.5746715799 201
2.57725937701 178
2.57984717413 184
2.58243497124 181
2.58502276835 184
2.58761056546 181
2.59019836257 205
2.59278615968 168
2.59537395679 181
2.5979617539 182
2.60054955101 181
2.60313734812 174
2.60572514523 164
2.60831294234 186
2.61090073945 192
2.61348853656 175
2.61607633368 203
2.61866413079 172
2.6212519279 178
2.62383972501 191
2.62642752212 191
2.62901531923 199
2.63160311634 184
2.63419091345 201
2.63677871056 184
2.63936650767 164
2.64195430478 172
2.64454210189 213
2.647129899 175
2.64971769612 170
2.65230549323 168
2.65489329034 148
2.65748108745 160
2.66006888456 183
2.66265668167 151
2.66524447878 151
2.66783227589 170
2.670420073 200
2.67300787011 160
2.67559566722 164
2.67818346433 155
2.68077126144 163
2.68335905856 154
2.68594685567 183
2.68853465278 188
2.69112244989 156
2.693710247 173
2.69629804411 157
2.69888584122 154
2.70147363833 123
2.70406143544 93
2.70664923255 98
2.70923702966 98
2.71182482677 102
2.71441262388 113
2.717000421 125
2.71958821811 124
2.72217601522 122
2.72476381233 168
2.72735160944 144
2.72993940655 177
2.73252720366 162
2.73511500077 201
2.73770279788 177
2.74029059499 167
2.7428783921 182
2.74546618921 172
2.74805398632 186
2.75064178343 185
2.75322958055 175
2.75581737766 176
2.75840517477 184
2.76099297188 164
2.76358076899 166
2.7661685661 164
2.76875636321 157
2.77134416032 175
2.77393195743 144
2.77651975454 137
2.77910755165 145
2.78169534876 134
2.78428314587 128
2.78687094299 130
2.7894587401 111
2.79204653721 154
2.79463433432 143
2.79722213143 140
2.79980992854 161
2.80239772565 114
2.80498552276 87
2.80757331987 96
2.81016111698 81
2.81274891409 53
2.8153367112 41
2.81792450831 14
2.82051230543 7
2.82310010254 1
2.82568789965 3
2.82827569676 15
2.83086349387 29
2.83345129098 31
2.83603908809 49
2.8386268852 42
2.84121468231 63
2.84380247942 61
2.84639027653 71
2.84897807364 66
2.85156587075 68
2.85415366787 59
2.85674146498 81
2.85932926209 60
2.8619170592 55
2.86450485631 55
2.86709265342 59
2.86968045053 55
2.87226824764 53
2.87485604475 47
2.87744384186 67
2.88003163897 59
2.88261943608 45
2.88520723319 42
2.88779503031 57
2.89038282742 37
2.89297062453 50
2.89555842164 59
2.89814621875 46
2.90073401586 47
2.90332181297 55
2.90590961008 46
2.90849740719 60
2.9110852043 50
2.91367300141 43
2.91626079852 73
2.91884859563 60
2.92143639274 57
2.92402418986 65
2.92661198697 79
2.92919978408 76
2.93178758119 76
2.9343753783 74
2.93696317541 85
2.93955097252 67
2.94213876963 66
2.94472656674 70
2.94731436385 81
2.94990216096 71
2.95248995807 42
2.95507775518 45
2.9576655523 28
2.96025334941 66
2.96284114652 129
2.96542894363 183
2.96801674074 189
2.97060453785 203
2.97319233496 173
2.97578013207 183
2.97836792918 176
2.98095572629 175
2.9835435234 173
2.98613132051 191
2.98871911762 160
2.99130691474 156
2.99389471185 158
2.99648250896 148
2.99907030607 159
3.00165810318 141
3.00424590029 136
3.0068336974 131
3.00942149451 139
3.01200929162 116
3.01459708873 143
3.01718488584 116
3.01977268295 131
3.02236048006 123
3.02494827718 127
3.02753607429 120
3.0301238714 107
3.03271166851 124
3.03529946562 148
3.03788726273 153
3.04047505984 162
3.04306285695 199
3.04565065406 178
3.04823845117 171
3.05082624828 217
3.05341404539 205
3.0560018425 222
3.05858963962 220
3.06117743673 268
3.06376523384 223
3.06635303095 265
3.06894082806 277
3.07152862517 272
3.07411642228 264
3.07670421939 239
3.0792920165 241
3.08187981361 280
3.08446761072 303
3.08705540783 288
3.08964320494 359
3.09223100205 301
3.09481879917 303
3.09740659628 343
3.09999439339 331
3.1025821905 325
3.10516998761 358
3.10775778472 353
3.11034558183 359
3.11293337894 318
3.11552117605 329
3.11810897316 283
3.12069677027 327
3.12328456738 275
3.12587236449 287
3.12846016161 327
3.13104795872 313
3.13363575583 321
3.13622355294 282
3.13881135005 301
3.14139914716 276
3.14398694427 298
3.14657474138 263
3.14916253849 281
3.1517503356 276
3.15433813271 275
3.15692592982 280
3.15951372693 326
3.16210152405 312
3.16468932116 325
3.16727711827 324
3.16986491538 331
3.17245271249 313
3.1750405096 278
3.17762830671 275
3.18021610382 262
3.18280390093 224
3.18539169804 250
3.18797949515 195
3.19056729226 246
3.19315508937 217
3.19574288649 193
3.1983306836 214
3.20091848071 222
3.20350627782 221
3.20609407493 219
3.20868187204 173
3.21126966915 206
3.21385746626 168
3.21644526337 173
3.21903306048 150
3.22162085759 146
3.2242086547 146
3.22679645181 150
3.22938424893 108
3.23197204604 123
3.23455984315 101
3.23714764026 96
3.23973543737 88
3.24232323448 82
3.24491103159 60
3.2474988287 67
3.25008662581 52
3.25267442292 43
3.25526222003 41
3.25785001714 26
3.26043781425 21
3.26302561136 18
3.26561340848 7
3.26820120559 11
3.2707890027 6
3.27337679981 6
3.27596459692 2
3.27855239403 3
3.28114019114 3
3.28372798825 1
3.28631578536 4
3.28890358247 2
3.29149137958 3
3.29407917669 2
3.2966669738 0
3.29925477092 3
