2.0015017905 9
2.00378967672 8
2.00607756294 12
2.00836544917 12
2.01065333539 13
2.01294122162 7
2.01522910784 7
2.01751699407 8
2.01980488029 6
2.02209276651 2
2.02438065274 6
2.02666853896 7
2.02895642519 2
2.03124431141 5
2.03353219763 1
2.03582008386 5
2.03810797008 5
2.04039585631 2
2.04268374253 4
2.04497162876 7
2.04725951498 1
2.0495474012 3
2.05183528743 5
2.05412317365 9
2.05641105988 4
2.0586989461 4
2.06098683232 5
2.06327471855 3
2.06556260477 5
2.067850491 6
2.07013837722 5
2.07242626344 3
2.07471414967 4
2.07700203589 4
2.07928992212 2
2.08157780834 6
2.08386569457 5
2.08615358079 5
2.08844146701 7
2.09072935324 8
2.09301723946 6
2.09530512569 7
2.09759301191 11
2.09988089813 16
2.10216878436 9
2.10445667058 8
2.10674455681 10
2.10903244303 14
2.11132032925 13
2.11360821548 9
2.1158961017 22
2.11818398793 18
2.12047187415 15
2.12275976038 20
2.1250476466 23
2.12733553282 22
2.12962341905 17
2.13191130527 30
2.1341991915 23
2.13648707772 29
2.13877496394 29
2.14106285017 29
2.14335073639 29
2.14563862262 39
2.14792650884 41
2.15021439507 44
2.15250228129 31
2.15479016751 50
2.15707805374 34
2.15936593996 46
2.16165382619 33
2.16394171241 54
2.16622959863 50
2.16851748486 49
2.17080537108 67
2.17309325731 56
2.17538114353 62
2.17766902975 46
2.17995691598 50
2.1822448022 80
2.18453268843 53
2.18682057465 62
2.18910846088 61
2.1913963471 48
2.19368423332 80
2.19597211955 81
2.19826000577 80
2.200547892 74
2.20283577822 76
2.20512366444 77
2.20741155067 66
2.20969943689 79
2.21198732312 76
2.21427520934 64
2.21656309556 81
2.21885098179 76
2.22113886801 64
2.22342675424 81
2.22571464046 58
2.22800252669 87
2.23029041291 74
2.23257829913 89
2.23486618536 77
2.23715407158 84
2.23944195781 82
2.24172984403 88
2.24401773025 98
2.24630561648 103
2.2485935027 83
2.25088138893 85
2.25316927515 85
2.25545716138 78
2.2577450476 90
2.26003293382 87
2.26232082005 91
2.26460870627 84
2.2668965925 84
2.26918447872 94
2.27147236494 75
2.27376025117 92
2.27604813739 99
2.27833602362 81
2.28062390984 103
2.28291179606 96
2.28519968229 85
2.28748756851 93
2.28977545474 86
2.29206334096 96
2.29435122719 86
2.29663911341 88
2.29892699963 94
2.30121488586 90
2.30350277208 106
2.30579065831 103
2.30807854453 92
2.31036643075 80
2.31265431698 84
2.3149422032 95
2.31723008943 100
2.31951797565 101
2.32180586187 104
2.3240937481 80
2.32638163432 94
2.32866952055 100
2.33095740677 97
2.333245293 108
2.33553317922 108
2.33782106544 92
2.34010895167 90
2.34239683789 100
2.34468472412 104
2.34697261034 78
2.34926049656 90
2.35154838279 77
2.35383626901 89
2.35612415524 84
2.35841204146 103
2.36069992769 91
2.36298781391 83
2.36527570013 77
2.36756358636 80
2.36985147258 90
2.37213935881 71
2.37442724503 95
2.37671513125 76
2.37900301748 85
2.3812909037 70
2.38357878993 67
2.38586667615 64
2.38815456237 85
2.3904424486 85
2.39273033482 59
2.39501822105 52
2.39730610727 55
2.3995939935 53
2.40188187972 65
2.40416976594 66
2.40645765217 44
2.40874553839 52
2.41103342462 51
2.41332131084 52
2.41560919706 50
2.41789708329 76
2.42018496951 66
2.42247285574 54
2.42476074196 54
2.42704862818 40
2.42933651441 43
2.43162440063 35
2.43391228686 44
2.43620017308 34
2.43848805931 36
2.44077594553 33
2.44306383175 29
2.44535171798 33
2.4476396042 29
2.44992749043 22
2.45221537665 31
2.45450326287 19
2.4567911491 36
2.45907903532 29
2.46136692155 23
2.46365480777 21
2.465942694 27
2.46823058022 32
2.47051846644 30
2.47280635267 21
2.47509423889 14
2.47738212512 17
2.47967001134 9
2.48195789756 18
2.48424578379 15
2.48653367001 13
2.48882155624 8
2.49110944246 11
2.49339732868 9
2.49568521491 9
2.49797310113 10
2.50026098736 15
2.50254887358 11
2.50483675981 17
2.50712464603 12
2.50941253225 12
2.51170041848 9
2.5139883047 12
2.51627619093 20
2.51856407715 13
2.52085196337 11
2.5231398496 19
2.52542773582 19
2.52771562205 26
2.53000350827 22
2.53229139449 36
2.53457928072 21
2.53686716694 38
2.53915505317 29
2.54144293939 27
2.54373082562 36
2.54601871184 42
2.54830659806 39
2.55059448429 36
2.55288237051 32
2.55517025674 43
2.55745814296 35
2.55974602918 41
2.56203391541 48
2.56432180163 47
2.56660968786 35
2.56889757408 41
2.57118546031 41
2.57347334653 45
2.57576123275 43
2.57804911898 45
2.5803370052 34
2.58262489143 44
2.58491277765 31
2.58720066387 37
2.5894885501 32
2.59177643632 26
2.59406432255 36
2.59635220877 41
2.59864009499 50
2.60092798122 36
2.60321586744 44
2.60550375367 40
2.60779163989 38
2.61007952612 24
2.61236741234 42
2.61465529856 38
2.61694318479 27
2.61923107101 33
2.62151895724 36
2.62380684346 38
2.62609472968 32
2.62838261591 35
2.63067050213 37
2.63295838836 33
2.63524627458 27
2.63753416081 38
2.63982204703 30
2.64210993325 44
2.64439781948 25
2.6466857057 37
2.64897359193 28
2.65126147815 28
2.65354936437 33
2.6558372506 21
2.65812513682 28
2.66041302305 34
2.66270090927 30
2.66498879549 21
2.66727668172 21
2.66956456794 27
2.67185245417 23
2.67414034039 26
2.67642822662 28
2.67871611284 25
2.68100399906 29
2.68329188529 25
2.68557977151 29
2.68786765774 22
2.69015554396 21
2.69244343018 17
2.69473131641 26
2.69701920263 19
2.69930708886 19
2.70159497508 21
2.7038828613 14
2.70617074753 20
2.70845863375 11
2.71074651998 14
2.7130344062 20
2.71532229243 17
2.71761017865 26
2.71989806487 12
2.7221859511 18
2.72447383732 16
2.72676172355 11
2.72904960977 17
2.73133749599 13
2.73362538222 16
2.73591326844 14
2.73820115467 15
2.74048904089 15
2.74277692712 15
2.74506481334 16
2.74735269956 15
2.74964058579 5
2.75192847201 20
2.75421635824 17
2.75650424446 9
2.75879213068 16
2.76108001691 13
2.76336790313 12
2.76565578936 9
2.76794367558 16
2.7702315618 11
2.77251944803 7
2.77480733425 7
2.77709522048 11
2.7793831067 7
2.78167099293 5
2.78395887915 12
2.78624676537 5
2.7885346516 8
2.79082253782 4
2.79311042405 10
2.79539831027 2
2.79768619649 5
2.79997408272 8
2.80226196894 8
2.80454985517 6
2.80683774139 8
2.80912562761 7
2.81141351384 4
2.81370140006 5
2.81598928629 3
2.81827717251 4
2.82056505874 7
2.82285294496 5
2.82514083118 4
2.82742871741 0
2.82971660363 2
2.83200448986 2
2.83429237608 6
2.8365802623 6
2.83886814853 2
2.84115603475 4
2.84344392098 4
2.8457318072 5
2.84801969343 3
2.85030757965 4
2.85259546587 6
2.8548833521 3
2.85717123832 3
2.85945912455 9
2.86174701077 4
2.86403489699 4
2.86632278322 3
2.86861066944 6
2.87089855567 3
2.87318644189 2
2.87547432811 5
2.87776221434 5
2.88005010056 3
2.88233798679 4
2.88462587301 6
2.88691375924 4
2.88920164546 10
2.89148953168 3
2.89377741791 5
2.89606530413 3
2.89835319036 3
2.90064107658 6
2.9029289628 6
2.90521684903 3
2.90750473525 1
2.90979262148 1
2.9120805077 3
2.91436839392 2
2.91665628015 7
2.91894416637 2
2.9212320526 2
2.92351993882 5
2.92580782505 2
2.92809571127 2
2.93038359749 1
2.93267148372 0
2.93495936994 2
2.93724725617 3
2.93953514239 2
2.94182302861 2
2.94411091484 3
2.94639880106 2
2.94868668729 3
2.95097457351 5
2.95326245974 2
2.95555034596 5
2.95783823218 1
2.96012611841 4
2.96241400463 3
2.96470189086 1
2.96698977708 3
2.9692776633 2
2.97156554953 4
2.97385343575 0
2.97614132198 3
2.9784292082 1
2.98071709442 3
2.98300498065 8
2.98529286687 5
2.9875807531 4
2.98986863932 6
2.99215652555 3
2.99444441177 7
2.99673229799 2
2.99902018422 3
3.00130807044 4
3.00359595667 3
3.00588384289 4
3.00817172911 12
3.01045961534 1
3.01274750156 5
3.01503538779 6
3.01732327401 1
3.01961116023 8
3.02189904646 4
3.02418693268 6
3.02647481891 2
3.02876270513 4
3.03105059136 2
3.03333847758 8
3.0356263638 6
3.03791425003 2
3.04020213625 1
3.04249002248 6
3.0447779087 9
3.04706579492 5
3.04935368115 2
3.05164156737 2
3.0539294536 2
3.05621733982 2
3.05850522605 3
3.06079311227 2
3.06308099849 5
3.06536888472 7
3.06765677094 4
3.06994465717 5
3.07223254339 2
3.07452042961 3
3.07680831584 8
3.07909620206 5
3.08138408829 2
3.08367197451 5
3.08595986073 3
3.08824774696 7
3.09053563318 2
3.09282351941 6
3.09511140563 1
3.09739929186 2
3.09968717808 5
3.1019750643 4
3.10426295053 1
3.10655083675 3
3.10883872298 5
3.1111266092 2
3.11341449542 2
3.11570238165 5
3.11799026787 6
3.1202781541 2
3.12256604032 4
3.12485392654 4
3.12714181277 2
3.12942969899 1
3.13171758522 4
3.13400547144 1
3.13629335767 3
3.13858124389 3
3.14086913011 3
3.14315701634 1
