2.00008228001 43
2.00252368387 42
2.00496508772 26
2.00740649157 29
2.00984789543 29
2.01228929928 23
2.01473070313 17
2.01717210699 18
2.01961351084 12
2.02205491469 14
2.02449631855 16
2.0269377224 10
2.02937912625 12
2.03182053011 13
2.03426193396 13
2.03670333781 3
2.03914474167 9
2.04158614552 9
2.04402754937 8
2.04646895323 6
2.04891035708 6
2.05135176093 4
2.05379316479 11
2.05623456864 7
2.05867597249 3
2.06111737635 11
2.0635587802 10
2.06600018405 6
2.06844158791 5
2.07088299176 10
2.07332439561 11
2.07576579947 5
2.07820720332 9
2.08064860717 12
2.08309001103 13
2.08553141488 13
2.08797281873 12
2.09041422259 10
2.09285562644 15
2.09529703029 17
2.09773843415 9
2.100179838 15
2.10262124185 12
2.10506264571 10
2.10750404956 13
2.10994545341 13
2.11238685727 26
2.11482826112 19
2.11726966497 27
2.11971106883 23
2.12215247268 45
2.12459387653 29
2.12703528039 27
2.12947668424 50
2.1319180881 48
2.13435949195 43
2.1368008958 59
2.13924229966 61
2.14168370351 57
2.14412510736 87
2.14656651122 91
2.14900791507 94
2.15144931892 94
2.15389072278 99
2.15633212663 110
2.15877353048 105
2.16121493434 152
2.16365633819 156
2.16609774204 128
2.1685391459 144
2.17098054975 172
2.1734219536 172
2.17586335746 185
2.17830476131 168
2.18074616516 222
2.18318756902 236
2.18562897287 225
2.18807037672 249
2.19051178058 251
2.19295318443 272
2.19539458828 314
2.19783599214 318
2.20027739599 329
2.20271879984 347
2.2051602037 401
2.20760160755 361
2.2100430114 391
2.21248441526 434
2.21492581911 404
2.21736722296 428
2.21980862682 405
2.22225003067 429
2.22469143452 443
2.22713283838 441
2.22957424223 451
2.23201564608 439
2.23445704994 482
2.23689845379 464
2.23933985764 472
2.2417812615 453
2.24422266535 482
2.2466640692 515
2.24910547306 515
2.25154687691 500
2.25398828076 507
2.25642968462 519
2.25887108847 574
2.26131249232 590
2.26375389618 609
2.26619530003 583
2.26863670388 570
2.27107810774 633
2.27351951159 606
2.27596091544 602
2.2784023193 674
2.28084372315 659
2.283285127 609
2.28572653086 668
2.28816793471 713
2.29060933856 727
2.29305074242 702
2.29549214627 702
2.29793355013 774
2.30037495398 802
2.30281635783 797
2.30525776169 792
2.30769916554 763
2.31014056939 792
2.31258197325 846
2.3150233771 794
2.31746478095 855
2.31990618481 787
2.32234758866 816
2.32478899251 818
2.32723039637 828
2.32967180022 808
2.33211320407 869
2.33455460793 802
2.33699601178 869
2.33943741563 802
2.34187881949 881
2.34432022334 919
2.34676162719 914
2.34920303105 837
2.3516444349 888
2.35408583875 901
2.35652724261 846
2.35896864646 914
2.36141005031 1007
2.36385145417 951
2.36629285802 936
2.36873426187 919
2.37117566573 871
2.37361706958 938
2.37605847343 937
2.37849987729 923
2.38094128114 925
2.38338268499 930
2.38582408885 950
2.3882654927 934
2.39070689655 877
2.39314830041 969
2.39558970426 1001
2.39803110811 889
2.40047251197 882
2.40291391582 910
2.40535531967 855
2.40779672353 836
2.41023812738 873
2.41267953123 815
2.41512093509 796
2.41756233894 1065
2.42000374279 867
2.42244514665 705
2.4248865505 722
2.42732795435 687
2.42976935821 664
2.43221076206 702
2.43465216591 672
2.43709356977 630
2.43953497362 598
2.44197637747 625
2.44441778133 614
2.44685918518 572
2.44930058903 610
2.45174199289 591
2.45418339674 536
2.45662480059 515
2.45906620445 459
2.4615076083 436
2.46394901215 411
2.46639041601 366
2.46883181986 342
2.47127322372 335
2.47371462757 320
2.47615603142 291
2.47859743528 255
2.48103883913 242
2.48348024298 177
2.48592164684 153
2.48836305069 120
2.49080445454 66
2.4932458584 56
2.49568726225 33
2.4981286661 22
2.50057006996 22
2.50301147381 23
2.50545287766 27
2.50789428152 49
2.51033568537 92
2.51277708922 170
2.51521849308 226
2.51765989693 272
2.52010130078 341
2.52254270464 372
2.52498410849 393
2.52742551234 441
2.5298669162 475
2.53230832005 557
2.5347497239 549
2.53719112776 566
2.53963253161 622
2.54207393546 621
2.54451533932 683
2.54695674317 721
2.54939814702 756
2.55183955088 687
2.55428095473 760
2.55672235858 821
2.55916376244 773
2.56160516629 821
2.56404657014 843
2.566487974 854
2.56892937785 876
2.5713707817 865
2.57381218556 929
2.57625358941 916
2.57869499326 961
2.58113639712 885
2.58357780097 919
2.58601920482 933
2.58846060868 904
2.59090201253 945
2.59334341638 962
2.59578482024 960
2.59822622409 967
2.60066762794 900
2.6031090318 983
2.60555043565 970
2.6079918395 924
2.61043324336 965
2.61287464721 939
2.61531605106 996
2.61775745492 922
2.62019885877 952
2.62264026262 888
2.62508166648 945
2.62752307033 850
2.62996447418 943
2.63240587804 928
2.63484728189 920
2.63728868575 961
2.6397300896 964
2.64217149345 1025
2.64461289731 1012
2.64705430116 909
2.64949570501 883
2.65193710887 819
2.65437851272 821
2.65681991657 759
2.65926132043 823
2.66170272428 789
2.66414412813 817
2.66658553199 833
2.66902693584 767
2.67146833969 832
2.67390974355 798
2.6763511474 813
2.67879255125 835
2.68123395511 757
2.68367535896 795
2.68611676281 775
2.68855816667 726
2.69099957052 746
2.69344097437 760
2.69588237823 769
2.69832378208 721
2.70076518593 682
2.70320658979 614
2.70564799364 663
2.70808939749 664
2.71053080135 669
2.7129722052 662
2.71541360905 646
2.71785501291 632
2.72029641676 662
2.72273782061 655
2.72517922447 594
2.72762062832 620
2.73006203217 630
2.73250343603 643
2.73494483988 613
2.73738624373 644
2.73982764759 647
2.74226905144 615
2.74471045529 644
2.74715185915 703
2.749593263 643
2.75203466685 628
2.75447607071 645
2.75691747456 731
2.75935887841 695
2.76180028227 738
2.76424168612 695
2.76668308997 761
2.76912449383 664
2.77156589768 648
2.77400730153 624
2.77644870539 643
2.77889010924 621
2.78133151309 610
2.78377291695 561
2.7862143208 558
2.78865572465 503
2.79109712851 500
2.79353853236 487
2.79597993621 485
2.79842134007 454
2.80086274392 427
2.80330414778 387
2.80574555163 375
2.80818695548 379
2.81062835934 329
2.81306976319 304
2.81551116704 206
2.8179525709 176
2.82039397475 88
2.8228353786 43
2.82527678246 29
2.82771818631 43
2.83015959016 79
2.83260099402 109
2.83504239787 122
2.83748380172 135
2.83992520558 147
2.84236660943 122
2.84480801328 160
2.84724941714 158
2.84969082099 156
2.85213222484 161
2.8545736287 173
2.85701503255 190
2.8594564364 210
2.86189784026 229
2.86433924411 277
2.86678064796 327
2.86922205182 281
2.87166345567 261
2.87410485952 197
2.87654626338 187
2.87898766723 163
2.88142907108 158
2.88387047494 152
2.88631187879 136
2.88875328264 140
2.8911946865 145
2.89363609035 135
2.8960774942 143
2.89851889806 133
2.90096030191 145
2.90340170576 135
2.90584310962 146
2.90828451347 134
2.91072591732 136
2.91316732118 137
2.91560872503 150
2.91805012888 128
2.92049153274 118
2.92293293659 118
2.92537434044 103
2.9278157443 145
2.93025714815 116
2.932698552 114
2.93513995586 121
2.93758135971 97
2.94002276356 93
2.94246416742 115
2.94490557127 104
2.94734697512 113
2.94978837898 98
2.95222978283 88
2.95467118668 71
2.95711259054 56
2.95955399439 70
2.96199539824 112
2.9644368021 142
2.96687820595 172
2.9693196098 162
2.97176101366 190
2.97420241751 197
2.97664382137 202
2.97908522522 217
2.98152662907 238
2.98396803293 198
2.98640943678 209
2.98885084063 245
2.99129224449 228
2.99373364834 245
2.99617505219 217
2.99861645605 220
3.0010578599 228
3.00349926375 246
3.00594066761 256
3.00838207146 259
3.01082347531 246
3.01326487917 253
3.01570628302 238
3.01814768687 243
3.02058909073 259
3.02303049458 264
3.02547189843 248
3.02791330229 239
3.03035470614 230
3.03279610999 226
3.03523751385 255
3.0376789177 248
3.04012032155 286
3.04256172541 271
3.04500312926 289
3.04744453311 303
3.04988593697 303
3.05232734082 314
3.05476874467 293
3.05721014853 319
3.05965155238 306
3.06209295623 309
3.06453436009 312
3.06697576394 324
3.06941716779 308
3.07185857165 285
3.0742999755 276
3.07674137935 290
3.07918278321 287
3.08162418706 286
3.08406559091 278
3.08650699477 280
3.08894839862 274
3.09138980247 301
3.09383120633 272
3.09627261018 302
3.09871401403 278
3.10115541789 234
3.10359682174 269
3.10603822559 296
3.10847962945 250
3.1109210333 278
3.11336243715 308
3.11580384101 261
3.11824524486 274
3.12068664871 260
3.12312805257 237
3.12556945642 234
3.12801086027 235
3.13045226413 233
3.13289366798 263
3.13533507183 226
3.13777647569 254
3.14021787954 253
3.1426592834 239
3.14510068725 235
3.1475420911 242
3.14998349496 260
3.15242489881 251
3.15486630266 261
3.15730770652 258
3.15974911037 227
3.16219051422 253
3.16463191808 236
3.16707332193 239
3.16951472578 244
3.17195612964 215
3.17439753349 185
3.17683893734 174
3.1792803412 195
3.18172174505 175
3.1841631489 156
3.18660455276 183
3.18904595661 142
3.19148736046 151
3.19392876432 124
3.19637016817 122
3.19881157202 118
3.20125297588 92
3.20369437973 116
3.20613578358 88
3.20857718744 108
3.21101859129 58
3.21345999514 68
3.215901399 58
3.21834280285 69
