2.01352223243 1
2.01868581692 0
2.02384940141 0
2.0290129859 0
2.0341765704 0
2.03934015489 0
2.04450373938 0
2.04966732387 0
2.05483090836 0
2.05999449285 0
2.06515807735 0
2.07032166184 0
2.07548524633 1
2.08064883082 0
2.08581241531 0
2.09097599981 0
2.0961395843 1
2.10130316879 0
2.10646675328 0
2.11163033777 0
2.11679392227 0
2.12195750676 2
2.12712109125 0
2.13228467574 1
2.13744826023 0
2.14261184473 0
2.14777542922 1
2.15293901371 2
2.1581025982 4
2.16326618269 2
2.16842976719 12
2.17359335168 9
2.17875693617 9
2.18392052066 15
2.18908410515 23
2.19424768964 18
2.19941127414 14
2.20457485863 16
2.20973844312 14
2.21490202761 23
2.2200656121 29
2.2252291966 38
2.23039278109 26
2.23555636558 51
2.24071995007 54
2.24588353456 42
2.25104711906 57
2.25621070355 44
2.26137428804 36
2.26653787253 33
2.27170145702 45
2.27686504152 25
2.28202862601 27
2.2871922105 34
2.29235579499 35
2.29751937948 30
2.30268296398 26
2.30784654847 40
2.31301013296 53
2.31817371745 35
2.32333730194 34
2.32850088643 49
2.33366447093 48
2.33882805542 52
2.34399163991 43
2.3491552244 58
2.35431880889 53
2.35948239339 69
2.36464597788 70
2.36980956237 65
2.37497314686 63
2.38013673135 71
2.38530031585 71
2.39046390034 69
2.39562748483 66
2.40079106932 80
2.40595465381 66
2.41111823831 75
2.4162818228 77
2.42144540729 83
2.42660899178 83
2.43177257627 89
2.43693616076 79
2.44209974526 85
2.44726332975 63
2.45242691424 63
2.45759049873 40
2.46275408322 43
2.46791766772 28
2.47308125221 33
2.4782448367 28
2.48340842119 22
2.48857200568 10
2.49373559018 0
2.49889917467 0
2.50406275916 0
2.50922634365 3
2.51438992814 17
2.51955351264 28
2.52471709713 27
2.52988068162 42
2.53504426611 80
2.5402078506 85
2.5453714351 92
2.55053501959 98
2.55569860408 127
2.56086218857 133
2.56602577306 145
2.57118935755 150
2.57635294205 171
2.58151652654 168
2.58668011103 168
2.59184369552 170
2.59700728001 148
2.60217086451 168
2.607334449 143
2.61249803349 155
2.61766161798 145
2.62282520247 180
2.62798878697 175
2.63315237146 154
2.63831595595 157
2.64347954044 174
2.64864312493 176
2.65380670943 171
2.65897029392 152
2.66413387841 173
2.6692974629 161
2.67446104739 207
2.67962463189 196
2.68478821638 183
2.68995180087 142
2.69511538536 161
2.70027896985 133
2.70544255434 74
2.71060613884 90
2.71576972333 114
2.72093330782 107
2.72609689231 117
2.7312604768 133
2.7364240613 178
2.74158764579 173
2.74675123028 173
2.75191481477 158
2.75707839926 201
2.76224198376 184
2.76740556825 183
2.77256915274 173
2.77773273723 154
2.78289632172 203
2.78805990622 184
2.79322349071 193
2.7983870752 172
2.80355065969 147
2.80871424418 110
2.81387782868 59
2.81904141317 14
2.82420499766 1
2.82936858215 18
2.83453216664 42
2.83969575113 55
2.84485933563 63
2.85002292012 73
2.85518650461 83
2.8603500891 72
2.86551367359 56
2.87067725809 57
2.87584084258 77
2.88100442707 61
2.88616801156 73
2.89133159605 54
2.89649518055 74
2.90165876504 74
2.90682234953 60
2.91198593402 67
2.91714951851 74
2.92231310301 70
2.9274766875 89
2.93264027199 101
2.93780385648 69
2.94296744097 68
2.94813102547 74
2.95329460996 41
2.95845819445 28
2.96362177894 113
2.96878536343 184
2.97394894792 188
2.97911253242 233
2.98427611691 238
2.9894397014 262
2.99460328589 249
2.99976687038 228
3.00493045488 192
3.01009403937 197
3.01525762386 185
3.02042120835 202
3.02558479284 177
3.03074837734 177
3.03591196183 263
3.04107554632 337
3.04623913081 307
3.0514027153 369
3.0565662998 402
3.06172988429 453
3.06689346878 384
3.07205705327 393
3.07722063776 327
3.08238422225 427
3.08754780675 458
3.09271139124 443
3.09787497573 444
3.10303856022 468
3.10820214471 529
3.11336572921 485
3.1185293137 539
3.12369289819 503
3.12885648268 540
3.13402006717 593
3.13918365167 526
3.14434723616 568
3.14951082065 497
3.15467440514 607
3.15983798963 635
3.16500157413 725
3.17016515862 691
3.17532874311 623
3.1804923276 591
3.18565591209 502
3.19081949659 498
3.19598308108 433
3.20114666557 484
3.20631025006 422
3.21147383455 403
3.21663741904 357
3.22180100354 315
3.22696458803 276
3.23212817252 219
3.23729175701 188
3.2424553415 175
3.247618926 146
3.25278251049 113
3.25794609498 60
3.26310967947 29
3.26827326396 19
3.27343684846 9
3.27860043295 3
3.28376401744 2
3.28892760193 6
3.29409118642 1
3.29925477092 4
