2.17511784549 1
2.17726792856 0
2.17941801163 1
2.18156809471 0
2.18371817778 0
2.18586826086 0
2.18801834393 1
2.190168427 2
2.19231851008 1
2.19446859315 1
2.19661867623 2
2.1987687593 1
2.20091884238 2
2.20306892545 0
2.20521900852 0
2.2073690916 1
2.20951917467 1
2.21166925775 1
2.21381934082 2
2.21596942389 1
2.21811950697 3
2.22026959004 2
2.22241967312 4
2.22456975619 4
2.22671983926 4
2.22886992234 5
2.23102000541 3
2.23317008849 1
2.23532017156 3
2.23747025463 2
2.23962033771 1
2.24177042078 1
2.24392050386 0
2.24607058693 1
2.24822067001 2
2.25037075308 0
2.25252083615 0
2.25467091923 0
2.2568210023 0
2.25897108538 1
2.26112116845 1
2.26327125152 1
2.2654213346 0
2.26757141767 2
2.26972150075 1
2.27187158382 1
2.27402166689 0
2.27617174997 0
2.27832183304 0
2.28047191612 1
2.28262199919 0
2.28477208226 1
2.28692216534 1
2.28907224841 1
2.29122233149 0
2.29337241456 2
2.29552249763 0
2.29767258071 0
2.29982266378 0
2.30197274686 1
2.30412282993 0
2.30627291301 1
2.30842299608 0
2.31057307915 0
2.31272316223 2
2.3148732453 0
2.31702332838 0
2.31917341145 0
2.32132349452 1
2.3234735776 0
2.32562366067 0
2.32777374375 1
2.32992382682 0
2.33207390989 0
2.33422399297 1
2.33637407604 1
2.33852415912 1
2.34067424219 0
2.34282432526 3
2.34497440834 0
2.34712449141 0
2.34927457449 1
2.35142465756 3
2.35357474064 0
2.35572482371 1
2.35787490678 0
2.36002498986 2
2.36217507293 3
2.36432515601 1
2.36647523908 0
2.36862532215 1
2.37077540523 2
2.3729254883 2
2.37507557138 0
2.37722565445 2
2.37937573752 4
2.3815258206 3
2.38367590367 0
2.38582598675 0
2.38797606982 1
2.39012615289 3
2.39227623597 1
2.39442631904 2
2.39657640212 0
2.39872648519 2
2.40087656827 0
2.40302665134 1
2.40517673441 1
2.40732681749 0
2.40947690056 1
2.41162698364 0
2.41377706671 3
2.41592714978 2
2.41807723286 1
2.42022731593 1
2.42237739901 0
2.42452748208 2
2.42667756515 2
2.42882764823 2
2.4309777313 1
2.43312781438 1
2.43527789745 3
2.43742798052 2
2.4395780636 0
2.44172814667 1
2.44387822975 0
2.44602831282 1
2.4481783959 2
2.45032847897 1
2.45247856204 0
2.45462864512 0
2.45677872819 1
2.45892881127 0
2.46107889434 0
2.46322897741 1
2.46537906049 0
2.46752914356 0
2.46967922664 0
2.47182930971 2
2.47397939278 0
2.47612947586 0
2.47827955893 0
2.48042964201 0
2.48257972508 0
2.48472980815 0
2.48687989123 0
2.4890299743 0
2.49118005738 0
2.49333014045 0
2.49548022353 0
2.4976303066 0
2.49978038967 0
2.50193047275 0
2.50408055582 0
2.5062306389 0
2.50838072197 0
2.51053080504 0
2.51268088812 0
2.51483097119 0
2.51698105427 1
2.51913113734 1
2.52128122041 0
2.52343130349 0
2.52558138656 2
2.52773146964 0
2.52988155271 1
2.53203163578 2
2.53418171886 2
2.53633180193 1
2.53848188501 1
2.54063196808 5
2.54278205115 1
2.54493213423 7
2.5470822173 6
2.54923230038 5
2.55138238345 4
2.55353246653 2
2.5556825496 7
2.55783263267 2
2.55998271575 3
2.56213279882 2
2.5642828819 1
2.56643296497 4
2.56858304804 4
2.57073313112 3
2.57288321419 2
2.57503329727 0
2.57718338034 1
2.57933346341 4
2.58148354649 2
2.58363362956 3
2.58578371264 1
2.58793379571 0
2.59008387878 1
2.59223396186 0
2.59438404493 1
2.59653412801 1
2.59868421108 5
2.60083429416 4
2.60298437723 1
2.6051344603 8
2.60728454338 5
2.60943462645 8
2.61158470953 6
2.6137347926 6
2.61588487567 7
2.61803495875 3
2.62018504182 5
2.6223351249 4
2.62448520797 3
2.62663529104 8
2.62878537412 1
2.63093545719 1
2.63308554027 7
2.63523562334 2
2.63738570641 5
2.63953578949 2
2.64168587256 2
2.64383595564 4
2.64598603871 1
2.64813612179 2
2.65028620486 3
2.65243628793 0
2.65458637101 3
2.65673645408 2
2.65888653716 3
2.66103662023 3
2.6631867033 4
2.66533678638 2
2.66748686945 2
2.66963695253 2
2.6717870356 2
2.67393711867 3
2.67608720175 6
2.67823728482 2
2.6803873679 5
2.68253745097 4
2.68468753404 2
2.68683761712 3
2.68898770019 3
2.69113778327 2
2.69328786634 3
2.69543794942 2
2.69758803249 2
2.69973811556 4
2.70188819864 0
2.70403828171 0
2.70618836479 4
2.70833844786 1
2.71048853093 4
2.71263861401 2
2.71478869708 0
2.71693878016 3
2.71908886323 2
2.7212389463 2
2.72338902938 1
2.72553911245 2
2.72768919553 6
2.7298392786 1
2.73198936167 3
2.73413944475 2
2.73628952782 3
2.7384396109 3
2.74058969397 0
2.74273977705 3
2.74488986012 6
2.74703994319 0
2.74919002627 5
2.75134010934 4
2.75349019242 1
2.75564027549 1
2.75779035856 3
2.75994044164 8
2.76209052471 3
2.76424060779 2
2.76639069086 4
2.76854077393 3
2.77069085701 5
2.77284094008 2
2.77499102316 2
2.77714110623 2
2.7792911893 1
2.78144127238 5
2.78359135545 4
2.78574143853 5
2.7878915216 4
2.79004160467 3
2.79219168775 4
2.79434177082 7
2.7964918539 3
2.79864193697 2
2.80079202005 5
2.80294210312 2
2.80509218619 3
2.80724226927 0
2.80939235234 1
2.81154243542 1
2.81369251849 1
2.81584260156 0
2.81799268464 0
2.82014276771 0
2.82229285079 0
2.82444293386 0
2.82659301693 0
2.82874310001 0
2.83089318308 1
2.83304326616 2
2.83519334923 1
2.8373434323 0
2.83949351538 1
2.84164359845 1
2.84379368153 2
2.8459437646 7
2.84809384768 2
2.85024393075 6
2.85239401382 4
2.8545440969 6
2.85669417997 6
2.85884426305 0
2.86099434612 3
2.86314442919 2
2.86529451227 5
2.86744459534 0
2.86959467842 4
2.87174476149 3
2.87389484456 2
2.87604492764 9
2.87819501071 1
2.88034509379 2
2.88249517686 1
2.88464525993 4
2.88679534301 1
2.88894542608 6
2.89109550916 3
2.89324559223 0
2.89539567531 3
2.89754575838 3
2.89969584145 2
2.90184592453 2
2.9039960076 3
2.90614609068 4
2.90829617375 2
2.91044625682 5
2.9125963399 1
2.91474642297 3
2.91689650605 2
2.91904658912 1
2.92119667219 1
2.92334675527 1
2.92549683834 3
2.92764692142 2
2.92979700449 1
2.93194708756 0
2.93409717064 1
2.93624725371 1
2.93839733679 3
2.94054741986 2
2.94269750294 0
2.94484758601 0
2.94699766908 0
2.94914775216 1
2.95129783523 0
2.95344791831 0
2.95559800138 0
2.95774808445 0
2.95989816753 0
2.9620482506 0
2.96419833368 0
2.96634841675 0
2.96849849982 0
2.9706485829 2
2.97279866597 1
2.97494874905 0
2.97709883212 1
2.97924891519 0
2.98139899827 1
2.98354908134 1
2.98569916442 0
2.98784924749 2
2.98999933057 3
2.99214941364 4
2.99429949671 6
2.99644957979 5
2.99859966286 6
3.00074974594 8
3.00289982901 19
3.00504991208 10
3.00719999516 12
3.00935007823 14
3.01150016131 15
3.01365024438 18
3.01580032745 10
3.01795041053 13
3.0201004936 19
3.02225057668 18
3.02440065975 16
3.02655074282 12
3.0287008259 7
3.03085090897 6
3.03300099205 2
3.03515107512 2
3.03730115819 2
3.03945124127 3
3.04160132434 6
3.04375140742 5
3.04590149049 4
3.04805157357 4
3.05020165664 5
3.05235173971 2
3.05450182279 1
3.05665190586 1
3.05880198894 2
3.06095207201 3
3.06310215508 1
3.06525223816 1
3.06740232123 3
3.06955240431 3
3.07170248738 0
3.07385257045 2
3.07600265353 2
3.0781527366 1
3.08030281968 1
3.08245290275 3
3.08460298582 2
3.0867530689 3
3.08890315197 4
3.09105323505 4
3.09320331812 6
3.0953534012 2
3.09750348427 4
3.09965356734 2
3.10180365042 7
3.10395373349 3
3.10610381657 10
3.10825389964 4
3.11040398271 5
3.11255406579 5
3.11470414886 3
3.11685423194 3
3.11900431501 5
3.12115439808 5
3.12330448116 7
3.12545456423 9
3.12760464731 7
3.12975473038 8
3.13190481345 6
3.13405489653 4
3.1362049796 3
3.13835506268 10
3.14050514575 8
3.14265522883 10
3.1448053119 11
3.14695539497 11
3.14910547805 11
3.15125556112 8
3.1534056442 15
3.15555572727 10
3.15770581034 7
3.15985589342 11
3.16200597649 3
3.16415605957 8
3.16630614264 12
3.16845622571 9
3.17060630879 7
3.17275639186 8
3.17490647494 8
3.17705655801 10
3.17920664108 6
3.18135672416 7
3.18350680723 10
3.18565689031 8
3.18780697338 15
3.18995705646 3
3.19210713953 11
3.1942572226 5
3.19640730568 5
3.19855738875 6
3.20070747183 9
3.2028575549 8
3.20500763797 3
3.20715772105 2
3.20930780412 2
3.2114578872 4
3.21360797027 8
3.21575805334 1
3.21790813642 10
3.22005821949 2
3.22220830257 2
3.22435838564 3
3.22650846871 5
3.22865855179 5
3.23080863486 2
3.23295871794 2
3.23510880101 2
3.23725888408 1
3.23940896716 1
3.24155905023 1
3.24370913331 1
3.24585921638 1
3.24800929946 3
