2.00281119519 3
2.00801666547 2
2.01322213575 1
2.01842760603 2
2.02363307631 3
2.0288385466 1
2.03404401688 1
2.03924948716 3
2.04445495744 3
2.04966042772 1
2.054865898 2
2.06007136829 1
2.06527683857 5
2.07048230885 4
2.07568777913 2
2.08089324941 0
2.08609871969 1
2.09130418997 2
2.09650966026 2
2.10171513054 3
2.10692060082 2
2.1121260711 4
2.11733154138 6
2.12253701166 2
2.12774248195 10
2.13294795223 8
2.13815342251 11
2.14335889279 16
2.14856436307 15
2.15376983335 32
2.15897530364 28
2.16418077392 39
2.1693862442 39
2.17459171448 43
2.17979718476 47
2.18500265504 54
2.19020812533 52
2.19541359561 59
2.20061906589 64
2.20582453617 62
2.21103000645 75
2.21623547673 88
2.22144094702 65
2.2266464173 77
2.23185188758 98
2.23705735786 97
2.24226282814 111
2.24746829842 129
2.25267376871 118
2.25787923899 137
2.26308470927 147
2.26829017955 167
2.27349564983 185
2.27870112011 176
2.2839065904 147
2.28911206068 146
2.29431753096 129
2.29952300124 154
2.30472847152 125
2.3099339418 148
2.31513941208 127
2.32034488237 155
2.32555035265 151
2.33075582293 150
2.33596129321 174
2.34116676349 188
2.34637223377 214
2.35157770406 215
2.35678317434 224
2.36198864462 180
2.3671941149 198
2.37239958518 216
2.37760505546 259
2.38281052575 264
2.38801599603 267
2.39322146631 260
2.39842693659 244
2.40363240687 230
2.40883787715 188
2.41404334744 179
2.41924881772 228
2.424454288 181
2.42965975828 176
2.43486522856 177
2.44007069884 172
2.44527616913 149
2.45048163941 130
2.45568710969 111
2.46089257997 106
2.46609805025 96
2.47130352053 79
2.47650899082 82
2.4817144611 78
2.48691993138 68
2.49212540166 26
2.49733087194 21
2.50253634222 11
2.50774181251 18
2.51294728279 41
2.51815275307 92
2.52335822335 138
2.52856369363 159
2.53376916391 233
2.53897463419 236
2.54418010448 282
2.54938557476 319
2.55459104504 331
2.55979651532 342
2.5650019856 373
2.57020745588 428
2.57541292617 449
2.58061839645 392
2.58582386673 350
2.59102933701 351
2.59623480729 371
2.60144027757 351
2.60664574786 353
2.61185121814 411
2.61705668842 341
2.6222621587 372
2.62746762898 378
2.63267309926 386
2.63787856955 371
2.64308403983 418
2.64828951011 368
2.65349498039 330
2.65870045067 336
2.66390592095 325
2.66911139124 350
2.67431686152 307
2.6795223318 338
2.68472780208 316
2.68993327236 403
2.69513874264 346
2.70034421293 327
2.70554968321 235
2.71075515349 268
2.71596062377 315
2.72116609405 325
2.72637156433 375
2.73157703461 387
2.7367825049 377
2.74198797518 363
2.74719344546 357
2.75239891574 386
2.75760438602 359
2.7628098563 415
2.76801532659 463
2.77322079687 409
2.77842626715 445
2.78363173743 399
2.78883720771 374
2.79404267799 373
2.79924814828 344
2.80445361856 255
2.80965908884 209
2.81486455912 147
2.8200700294 34
2.82527549968 18
2.83048096997 39
2.83568644025 81
2.84089191053 113
2.84609738081 112
2.85130285109 107
2.85650832137 120
2.86171379166 120
2.86691926194 120
2.87212473222 104
2.8773302025 123
2.88253567278 107
2.88774114306 93
2.89294661335 119
2.89815208363 97
2.90335755391 106
2.90856302419 119
2.91376849447 118
2.91897396475 169
2.92417943504 157
2.92938490532 127
2.9345903756 119
2.93979584588 126
2.94500131616 109
2.95020678644 111
2.95541225672 81
2.96061772701 137
2.96582319729 290
2.97102866757 293
2.97623413785 316
2.98143960813 275
2.98664507841 289
2.9918505487 299
2.99705601898 287
3.00226148926 290
3.00746695954 289
3.01267242982 296
3.0178779001 298
3.02308337039 256
3.02828884067 238
3.03349431095 293
3.03869978123 332
3.04390525151 356
3.04911072179 414
3.05431619208 395
3.05952166236 415
3.06472713264 442
3.06993260292 494
3.0751380732 425
3.08034354348 458
3.08554901377 486
3.09075448405 473
3.09595995433 511
3.10116542461 507
3.10637089489 488
3.11157636517 498
3.11678183546 466
3.12198730574 478
3.12719277602 441
3.1323982463 456
3.13760371658 465
3.14280918686 398
3.14801465714 412
3.15322012743 396
3.15842559771 378
3.16363106799 452
3.16883653827 472
3.17404200855 472
3.17924747883 364
3.18445294912 336
3.1896584194 323
3.19486388968 302
3.20006935996 254
3.20527483024 238
3.21048030052 241
3.21568577081 221
3.22089124109 170
3.22609671137 164
3.23130218165 117
3.23650765193 124
3.24171312221 93
3.2469185925 61
3.25212406278 66
3.25732953306 45
3.26253500334 26
3.26774047362 19
3.2729459439 8
3.27815141419 2
3.28335688447 2
3.28856235475 4
3.29376782503 3
3.29897329531 1
