0.0 0
2.00040008002e-05 0
4.00080016003e-05 0
6.00120024005e-05 0
8.00160032006e-05 0
0.000100020004001 0
0.000120024004801 0
0.000140028005601 0
0.000160032006401 0
0.000180036007201 0
0.000200040008002 0
0.000220044008802 0
0.000240048009602 0
0.000260052010402 0
0.000280056011202 0
0.000300060012002 0
0.000320064012803 1
0.000340068013603 0
0.000360072014403 0
0.000380076015203 0
0.000400080016003 0
0.000420084016803 0
0.000440088017604 0
0.000460092018404 0
0.000480096019204 0
0.000500100020004 0
0.000520104020804 0
0.000540108021604 0
0.000560112022404 0
0.000580116023205 0
0.000600120024005 1
0.000620124024805 0
0.000640128025605 0
0.000660132026405 0
0.000680136027205 0
0.000700140028006 0
0.000720144028806 0
0.000740148029606 0
0.000760152030406 0
0.000780156031206 1
0.000800160032006 0
0.000820164032807 1
0.000840168033607 0
0.000860172034407 0
0.000880176035207 0
0.000900180036007 0
0.000920184036807 0
0.000940188037608 0
0.000960192038408 0
0.000980196039208 0
0.00100020004001 0
0.00102020404081 0
0.00104020804161 0
0.00106021204241 0
0.00108021604321 0
0.00110022004401 0
0.00112022404481 0
0.00114022804561 0
0.00116023204641 0
0.00118023604721 0
0.00120024004801 0
0.00122024404881 0
0.00124024804961 1
0.00126025205041 0
0.00128025605121 1
0.00130026005201 1
0.00132026405281 1
0.00134026805361 0
0.00136027205441 0
0.00138027605521 1
0.00140028005601 0
0.00142028405681 0
0.00144028805761 0
0.00146029205841 0
0.00148029605921 0
0.00150030006001 0
0.00152030406081 0
0.00154030806161 0
0.00156031206241 0
0.00158031606321 1
0.00160032006401 0
0.00162032406481 0
0.00164032806561 0
0.00166033206641 0
0.00168033606721 1
0.00170034006801 0
0.00172034406881 0
0.00174034806961 0
0.00176035207041 1
0.00178035607121 0
0.00180036007201 2
0.00182036407281 0
0.00184036807361 0
0.00186037207441 1
0.00188037607522 1
0.00190038007602 1
0.00192038407682 1
0.00194038807762 1
0.00196039207842 0
0.00198039607922 0
0.00200040008002 1
0.00202040408082 0
0.00204040808162 0
0.00206041208242 0
0.00208041608322 0
0.00210042008402 0
0.00212042408482 0
0.00214042808562 1
0.00216043208642 0
0.00218043608722 0
0.00220044008802 0
0.00222044408882 0
0.00224044808962 0
0.00226045209042 0
0.00228045609122 1
0.00230046009202 0
0.00232046409282 0
0.00234046809362 0
0.00236047209442 0
0.00238047609522 2
0.00240048009602 2
0.00242048409682 0
0.00244048809762 0
0.00246049209842 0
0.00248049609922 1
0.00250050010002 2
0.00252050410082 0
0.00254050810162 0
0.00256051210242 0
0.00258051610322 0
0.00260052010402 0
0.00262052410482 1
0.00264052810562 0
0.00266053210642 0
0.00268053610722 1
0.00270054010802 0
0.00272054410882 1
0.00274054810962 0
0.00276055211042 0
0.00278055611122 2
0.00280056011202 0
0.00282056411282 1
0.00284056811362 0
0.00286057211442 0
0.00288057611522 1
0.00290058011602 2
0.00292058411682 1
0.00294058811762 0
0.00296059211842 0
0.00298059611922 1
0.00300060012002 0
0.00302060412082 0
0.00304060812162 3
0.00306061212242 0
0.00308061612322 1
0.00310062012402 2
0.00312062412482 0
0.00314062812563 3
0.00316063212643 2
0.00318063612723 1
0.00320064012803 1
0.00322064412883 0
0.00324064812963 0
0.00326065213043 2
0.00328065613123 2
0.00330066013203 0
0.00332066413283 1
0.00334066813363 1
0.00336067213443 2
0.00338067613523 1
0.00340068013603 0
0.00342068413683 0
0.00344068813763 0
0.00346069213843 1
0.00348069613923 1
0.00350070014003 3
0.00352070414083 2
0.00354070814163 1
0.00356071214243 0
0.00358071614323 0
0.00360072014403 2
0.00362072414483 1
0.00364072814563 2
0.00366073214643 1
0.00368073614723 1
0.00370074014803 1
0.00372074414883 2
0.00374074814963 1
0.00376075215043 0
0.00378075615123 3
0.00380076015203 1
0.00382076415283 3
0.00384076815363 0
0.00386077215443 4
0.00388077615523 1
0.00390078015603 2
0.00392078415683 0
0.00394078815763 0
0.00396079215843 2
0.00398079615923 0
0.00400080016003 2
0.00402080416083 0
0.00404080816163 1
0.00406081216243 1
0.00408081616323 2
0.00410082016403 4
0.00412082416483 1
0.00414082816563 1
0.00416083216643 2
0.00418083616723 2
0.00420084016803 1
0.00422084416883 1
0.00424084816963 1
0.00426085217043 1
0.00428085617123 2
0.00430086017203 0
0.00432086417283 0
0.00434086817363 2
0.00436087217443 4
0.00438087617524 1
0.00440088017604 0
0.00442088417684 3
0.00444088817764 4
0.00446089217844 1
0.00448089617924 1
0.00450090018004 0
0.00452090418084 0
0.00454090818164 1
0.00456091218244 3
0.00458091618324 1
0.00460092018404 1
0.00462092418484 2
0.00464092818564 4
0.00466093218644 3
0.00468093618724 1
0.00470094018804 2
0.00472094418884 1
0.00474094818964 2
0.00476095219044 2
0.00478095619124 2
0.00480096019204 3
0.00482096419284 4
0.00484096819364 3
0.00486097219444 3
0.00488097619524 2
0.00490098019604 3
0.00492098419684 2
0.00494098819764 0
0.00496099219844 2
0.00498099619924 2
0.00500100020004 0
0.00502100420084 2
0.00504100820164 2
0.00506101220244 0
0.00508101620324 2
0.00510102020404 3
0.00512102420484 7
0.00514102820564 2
0.00516103220644 0
0.00518103620724 2
0.00520104020804 4
0.00522104420884 5
0.00524104820964 4
0.00526105221044 1
0.00528105621124 2
0.00530106021204 2
0.00532106421284 2
0.00534106821364 3
0.00536107221444 2
0.00538107621524 1
0.00540108021604 4
0.00542108421684 1
0.00544108821764 4
0.00546109221844 3
0.00548109621924 0
0.00550110022004 0
0.00552110422084 6
0.00554110822164 4
0.00556111222244 2
0.00558111622324 3
0.00560112022404 2
0.00562112422484 6
0.00564112822565 1
0.00566113222645 1
0.00568113622725 2
0.00570114022805 1
0.00572114422885 3
0.00574114822965 4
0.00576115223045 4
0.00578115623125 0
0.00580116023205 2
0.00582116423285 1
0.00584116823365 2
0.00586117223445 1
0.00588117623525 7
0.00590118023605 2
0.00592118423685 6
0.00594118823765 7
0.00596119223845 3
0.00598119623925 4
0.00600120024005 5
0.00602120424085 1
0.00604120824165 2
0.00606121224245 5
0.00608121624325 2
0.00610122024405 4
0.00612122424485 0
0.00614122824565 2
0.00616123224645 3
0.00618123624725 5
0.00620124024805 3
0.00622124424885 8
0.00624124824965 3
0.00626125225045 2
0.00628125625125 4
0.00630126025205 3
0.00632126425285 2
0.00634126825365 8
0.00636127225445 5
0.00638127625525 3
0.00640128025605 4
0.00642128425685 1
0.00644128825765 1
0.00646129225845 2
0.00648129625925 6
0.00650130026005 4
0.00652130426085 6
0.00654130826165 5
0.00656131226245 2
0.00658131626325 1
0.00660132026405 2
0.00662132426485 1
0.00664132826565 3
0.00666133226645 2
0.00668133626725 2
0.00670134026805 4
0.00672134426885 3
0.00674134826965 8
0.00676135227045 3
0.00678135627125 3
0.00680136027205 5
0.00682136427285 2
0.00684136827365 2
0.00686137227445 6
0.00688137627526 4
0.00690138027606 8
0.00692138427686 7
0.00694138827766 5
0.00696139227846 4
0.00698139627926 9
0.00700140028006 7
0.00702140428086 2
0.00704140828166 6
0.00706141228246 4
0.00708141628326 10
0.00710142028406 5
0.00712142428486 6
0.00714142828566 7
0.00716143228646 1
0.00718143628726 2
0.00720144028806 4
0.00722144428886 3
0.00724144828966 7
0.00726145229046 4
0.00728145629126 3
0.00730146029206 2
0.00732146429286 4
0.00734146829366 3
0.00736147229446 6
0.00738147629526 3
0.00740148029606 3
0.00742148429686 5
0.00744148829766 6
0.00746149229846 6
0.00748149629926 4
0.00750150030006 4
0.00752150430086 5
0.00754150830166 3
0.00756151230246 5
0.00758151630326 7
0.00760152030406 6
0.00762152430486 10
0.00764152830566 4
0.00766153230646 10
0.00768153630726 4
0.00770154030806 6
0.00772154430886 8
0.00774154830966 5
0.00776155231046 5
0.00778155631126 7
0.00780156031206 7
0.00782156431286 9
0.00784156831366 5
0.00786157231446 2
0.00788157631526 4
0.00790158031606 5
0.00792158431686 6
0.00794158831766 4
0.00796159231846 3
0.00798159631926 4
0.00800160032006 7
0.00802160432086 7
0.00804160832166 4
0.00806161232246 4
0.00808161632326 8
0.00810162032406 2
0.00812162432486 3
0.00814162832567 6
0.00816163232647 2
0.00818163632727 4
0.00820164032807 6
0.00822164432887 6
0.00824164832967 3
0.00826165233047 6
0.00828165633127 7
0.00830166033207 9
0.00832166433287 8
0.00834166833367 8
0.00836167233447 11
0.00838167633527 6
0.00840168033607 4
0.00842168433687 2
0.00844168833767 3
0.00846169233847 6
0.00848169633927 8
0.00850170034007 7
0.00852170434087 4
0.00854170834167 11
0.00856171234247 7
0.00858171634327 8
0.00860172034407 6
0.00862172434487 8
0.00864172834567 9
0.00866173234647 11
0.00868173634727 6
0.00870174034807 7
0.00872174434887 7
0.00874174834967 7
0.00876175235047 6
0.00878175635127 7
0.00880176035207 5
0.00882176435287 7
0.00884176835367 6
0.00886177235447 4
0.00888177635527 6
0.00890178035607 7
0.00892178435687 4
0.00894178835767 8
0.00896179235847 4
0.00898179635927 7
0.00900180036007 12
0.00902180436087 6
0.00904180836167 7
0.00906181236247 8
0.00908181636327 6
0.00910182036407 9
0.00912182436487 3
0.00914182836567 10
0.00916183236647 4
0.00918183636727 6
0.00920184036807 7
0.00922184436887 3
0.00924184836967 7
0.00926185237047 6
0.00928185637127 8
0.00930186037207 10
0.00932186437287 5
0.00934186837367 12
0.00936187237447 6
0.00938187637528 1
0.00940188037608 6
0.00942188437688 6
0.00944188837768 8
0.00946189237848 9
0.00948189637928 10
0.00950190038008 13
0.00952190438088 6
0.00954190838168 12
0.00956191238248 8
0.00958191638328 10
0.00960192038408 15
0.00962192438488 10
0.00964192838568 13
0.00966193238648 12
0.00968193638728 4
0.00970194038808 11
0.00972194438888 7
0.00974194838968 5
0.00976195239048 7
0.00978195639128 8
0.00980196039208 5
0.00982196439288 6
0.00984196839368 10
0.00986197239448 4
0.00988197639528 12
0.00990198039608 10
0.00992198439688 9
0.00994198839768 9
0.00996199239848 7
0.00998199639928 6
0.0100020004001 10
0.0100220044009 6
0.0100420084017 8
0.0100620124025 11
0.0100820164033 13
0.0101020204041 7
0.0101220244049 15
0.0101420284057 12
0.0101620324065 11
0.0101820364073 14
0.0102020404081 8
0.0102220444089 13
0.0102420484097 6
0.0102620524105 9
0.0102820564113 14
0.0103020604121 10
0.0103220644129 4
0.0103420684137 10
0.0103620724145 8
0.0103820764153 7
0.0104020804161 10
0.0104220844169 8
0.0104420884177 7
0.0104620924185 7
0.0104820964193 12
0.0105021004201 18
0.0105221044209 8
0.0105421084217 11
0.0105621124225 5
0.0105821164233 11
0.0106021204241 10
0.0106221244249 11
0.0106421284257 12
0.0106621324265 6
0.0106821364273 8
0.0107021404281 6
0.0107221444289 8
0.0107421484297 9
0.0107621524305 6
0.0107821564313 6
0.0108021604321 12
0.0108221644329 13
0.0108421684337 13
0.0108621724345 17
0.0108821764353 9
0.0109021804361 8
0.0109221844369 14
0.0109421884377 2
0.0109621924385 9
0.0109821964393 5
0.0110022004401 12
0.0110222044409 11
0.0110422084417 10
0.0110622124425 7
0.0110822164433 7
0.0111022204441 8
0.0111222244449 7
0.0111422284457 8
0.0111622324465 6
0.0111822364473 16
0.0112022404481 11
0.0112222444489 19
0.0112422484497 6
0.0112622524505 13
0.0112822564513 7
0.0113022604521 8
0.0113222644529 9
0.0113422684537 6
0.0113622724545 10
0.0113822764553 7
0.0114022804561 10
0.0114222844569 13
0.0114422884577 11
0.0114622924585 7
0.0114822964593 10
0.0115023004601 11
0.0115223044609 13
0.0115423084617 14
0.0115623124625 9
0.0115823164633 6
0.0116023204641 9
0.0116223244649 14
0.0116423284657 16
0.0116623324665 10
0.0116823364673 9
0.0117023404681 16
0.0117223444689 8
0.0117423484697 5
0.0117623524705 8
0.0117823564713 11
0.0118023604721 11
0.0118223644729 7
0.0118423684737 6
0.0118623724745 10
0.0118823764753 14
0.0119023804761 14
0.0119223844769 9
0.0119423884777 13
0.0119623924785 14
0.0119823964793 6
0.0120024004801 13
0.0120224044809 12
0.0120424084817 13
0.0120624124825 7
0.0120824164833 14
0.0121024204841 7
0.0121224244849 13
0.0121424284857 9
0.0121624324865 15
0.0121824364873 17
0.0122024404881 17
0.0122224444889 19
0.0122424484897 13
0.0122624524905 7
0.0122824564913 8
0.0123024604921 11
0.0123224644929 11
0.0123424684937 13
0.0123624724945 15
0.0123824764953 10
0.0124024804961 6
0.0124224844969 12
0.0124424884977 9
0.0124624924985 11
0.0124824964993 13
0.0125025005001 10
0.0125225045009 22
0.0125425085017 6
0.0125625125025 12
0.0125825165033 14
0.0126025205041 18
0.0126225245049 12
0.0126425285057 10
0.0126625325065 16
0.0126825365073 8
0.0127025405081 11
0.0127225445089 16
0.0127425485097 13
0.0127625525105 11
0.0127825565113 9
0.0128025605121 11
0.0128225645129 11
0.0128425685137 12
0.0128625725145 16
0.0128825765153 15
0.0129025805161 17
0.0129225845169 13
0.0129425885177 9
0.0129625925185 13
0.0129825965193 14
0.0130026005201 13
0.0130226045209 16
0.0130426085217 16
0.0130626125225 8
0.0130826165233 16
0.0131026205241 13
0.0131226245249 21
0.0131426285257 8
0.0131626325265 10
0.0131826365273 13
0.0132026405281 20
0.0132226445289 12
0.0132426485297 15
0.0132626525305 9
0.0132826565313 21
0.0133026605321 12
0.0133226645329 11
0.0133426685337 16
0.0133626725345 8
0.0133826765353 15
0.0134026805361 14
0.0134226845369 20
0.0134426885377 6
0.0134626925385 18
0.0134826965393 15
0.0135027005401 18
0.0135227045409 15
0.0135427085417 11
0.0135627125425 13
0.0135827165433 14
0.0136027205441 11
0.0136227245449 17
0.0136427285457 12
0.0136627325465 14
0.0136827365473 14
0.0137027405481 14
0.0137227445489 8
0.0137427485497 9
0.0137627525505 18
0.0137827565513 14
0.0138027605521 13
0.0138227645529 15
0.0138427685537 13
0.0138627725545 20
0.0138827765553 15
0.0139027805561 13
0.0139227845569 16
0.0139427885577 14
0.0139627925585 20
0.0139827965593 21
0.0140028005601 16
0.0140228045609 16
0.0140428085617 13
0.0140628125625 16
0.0140828165633 17
0.0141028205641 9
0.0141228245649 23
0.0141428285657 15
0.0141628325665 15
0.0141828365673 17
0.0142028405681 17
0.0142228445689 18
0.0142428485697 18
0.0142628525705 20
0.0142828565713 18
0.0143028605721 27
0.0143228645729 11
0.0143428685737 14
0.0143628725745 23
0.0143828765753 19
0.0144028805761 12
0.0144228845769 15
0.0144428885777 14
0.0144628925785 15
0.0144828965793 27
0.0145029005801 22
0.0145229045809 14
0.0145429085817 11
0.0145629125825 16
0.0145829165833 15
0.0146029205841 18
0.0146229245849 20
0.0146429285857 12
0.0146629325865 24
0.0146829365873 18
0.0147029405881 15
0.0147229445889 25
0.0147429485897 15
0.0147629525905 19
0.0147829565913 21
0.0148029605921 26
0.0148229645929 17
0.0148429685937 13
0.0148629725945 18
0.0148829765953 16
0.0149029805961 12
0.0149229845969 21
0.0149429885977 15
0.0149629925985 17
0.0149829965993 14
0.0150030006001 22
0.0150230046009 10
0.0150430086017 17
0.0150630126025 20
0.0150830166033 21
0.0151030206041 21
0.0151230246049 17
0.0151430286057 15
0.0151630326065 16
0.0151830366073 24
0.0152030406081 16
0.0152230446089 15
0.0152430486097 15
0.0152630526105 19
0.0152830566113 25
0.0153030606121 9
0.0153230646129 18
0.0153430686137 22
0.0153630726145 22
0.0153830766153 29
0.0154030806161 18
0.0154230846169 19
0.0154430886177 20
0.0154630926185 16
0.0154830966193 26
0.0155031006201 19
0.0155231046209 13
0.0155431086217 22
0.0155631126225 24
0.0155831166233 20
0.0156031206241 15
0.0156231246249 22
0.0156431286257 19
0.0156631326265 16
0.0156831366273 20
0.0157031406281 19
0.0157231446289 21
0.0157431486297 18
0.0157631526305 29
0.0157831566313 15
0.0158031606321 19
0.0158231646329 22
0.0158431686337 19
0.0158631726345 19
0.0158831766353 20
0.0159031806361 21
0.0159231846369 19
0.0159431886377 23
0.0159631926385 20
0.0159831966393 19
0.0160032006401 26
0.0160232046409 22
0.0160432086417 27
0.0160632126425 17
0.0160832166433 22
0.0161032206441 17
0.0161232246449 13
0.0161432286457 11
0.0161632326465 27
0.0161832366473 16
0.0162032406481 25
0.0162232446489 29
0.0162432486497 22
0.0162632526505 22
0.0162832566513 20
0.0163032606521 26
0.0163232646529 22
0.0163432686537 17
0.0163632726545 19
0.0163832766553 14
0.0164032806561 18
0.0164232846569 21
0.0164432886577 18
0.0164632926585 14
0.0164832966593 27
0.0165033006601 23
0.0165233046609 22
0.0165433086617 25
0.0165633126625 19
0.0165833166633 17
0.0166033206641 21
0.0166233246649 19
0.0166433286657 18
0.0166633326665 18
0.0166833366673 19
0.0167033406681 16
0.0167233446689 35
0.0167433486697 21
0.0167633526705 27
0.0167833566713 22
0.0168033606721 18
0.0168233646729 26
0.0168433686737 27
0.0168633726745 22
0.0168833766753 26
0.0169033806761 17
0.0169233846769 31
0.0169433886777 25
0.0169633926785 16
0.0169833966793 24
0.0170034006801 17
0.0170234046809 28
0.0170434086817 23
0.0170634126825 21
0.0170834166833 20
0.0171034206841 17
0.0171234246849 22
0.0171434286857 25
0.0171634326865 25
0.0171834366873 21
0.0172034406881 25
0.0172234446889 16
0.0172434486897 29
0.0172634526905 28
0.0172834566913 24
0.0173034606921 17
0.0173234646929 26
0.0173434686937 29
0.0173634726945 16
0.0173834766953 34
0.0174034806961 23
0.0174234846969 19
0.0174434886977 27
0.0174634926985 31
0.0174834966993 18
0.0175035007001 19
0.0175235047009 16
0.0175435087017 31
0.0175635127025 26
0.0175835167033 25
0.0176035207041 29
0.0176235247049 20
0.0176435287057 23
0.0176635327065 14
0.0176835367073 26
0.0177035407081 30
0.0177235447089 20
0.0177435487097 22
0.0177635527105 25
0.0177835567113 19
0.0178035607121 15
0.0178235647129 25
0.0178435687137 18
0.0178635727145 28
0.0178835767153 29
0.0179035807161 23
0.0179235847169 34
0.0179435887177 27
0.0179635927185 21
0.0179835967193 35
0.0180036007201 29
0.0180236047209 24
0.0180436087217 21
0.0180636127225 18
0.0180836167233 24
0.0181036207241 25
0.0181236247249 24
0.0181436287257 34
0.0181636327265 18
0.0181836367273 17
0.0182036407281 31
0.0182236447289 27
0.0182436487297 22
0.0182636527305 24
0.0182836567313 29
0.0183036607321 27
0.0183236647329 24
0.0183436687337 28
0.0183636727345 16
0.0183836767353 18
0.0184036807361 27
0.0184236847369 23
0.0184436887377 32
0.0184636927385 24
0.0184836967393 28
0.0185037007401 30
0.0185237047409 18
0.0185437087417 24
0.0185637127425 34
0.0185837167433 28
0.0186037207441 37
0.0186237247449 24
0.0186437287457 20
0.0186637327465 28
0.0186837367473 32
0.0187037407481 22
0.0187237447489 23
0.0187437487497 38
0.0187637527506 27
0.0187837567514 23
0.0188037607522 25
0.018823764753 28
0.0188437687538 24
0.0188637727546 25
0.0188837767554 31
0.0189037807562 17
0.018923784757 31
0.0189437887578 31
0.0189637927586 27
0.0189837967594 32
0.0190038007602 29
0.019023804761 31
0.0190438087618 42
0.0190638127626 29
0.0190838167634 26
0.0191038207642 28
0.019123824765 29
0.0191438287658 34
0.0191638327666 30
0.0191838367674 22
0.0192038407682 22
0.019223844769 34
0.0192438487698 32
0.0192638527706 23
0.0192838567714 34
0.0193038607722 31
0.019323864773 30
0.0193438687738 23
0.0193638727746 31
0.0193838767754 25
0.0194038807762 24
0.019423884777 34
0.0194438887778 27
0.0194638927786 32
0.0194838967794 32
0.0195039007802 28
0.019523904781 25
0.0195439087818 28
0.0195639127826 28
0.0195839167834 36
0.0196039207842 33
0.019623924785 25
0.0196439287858 32
0.0196639327866 25
0.0196839367874 41
0.0197039407882 30
0.019723944789 26
0.0197439487898 37
0.0197639527906 33
0.0197839567914 22
0.0198039607922 29
0.019823964793 27
0.0198439687938 17
0.0198639727946 28
0.0198839767954 43
0.0199039807962 21
0.019923984797 33
0.0199439887978 31
0.0199639927986 34
0.0199839967994 23
0.0200040008002 28
0.020024004801 26
0.0200440088018 31
0.0200640128026 23
0.0200840168034 28
0.0201040208042 34
0.020124024805 31
0.0201440288058 31
0.0201640328066 30
0.0201840368074 40
0.0202040408082 26
0.020224044809 32
0.0202440488098 33
0.0202640528106 24
0.0202840568114 29
0.0203040608122 34
0.020324064813 37
0.0203440688138 28
0.0203640728146 27
0.0203840768154 38
0.0204040808162 38
0.020424084817 34
0.0204440888178 30
0.0204640928186 31
0.0204840968194 27
0.0205041008202 27
0.020524104821 37
0.0205441088218 31
0.0205641128226 31
0.0205841168234 37
0.0206041208242 33
0.020624124825 38
0.0206441288258 32
0.0206641328266 27
0.0206841368274 30
0.0207041408282 33
0.020724144829 28
0.0207441488298 34
0.0207641528306 26
0.0207841568314 39
0.0208041608322 42
0.020824164833 28
0.0208441688338 22
0.0208641728346 39
0.0208841768354 34
0.0209041808362 40
0.020924184837 36
0.0209441888378 34
0.0209641928386 31
0.0209841968394 35
0.0210042008402 24
0.021024204841 33
0.0210442088418 36
0.0210642128426 40
0.0210842168434 31
0.0211042208442 32
0.021124224845 32
0.0211442288458 35
0.0211642328466 28
0.0211842368474 28
0.0212042408482 32
0.021224244849 27
0.0212442488498 27
0.0212642528506 39
0.0212842568514 34
0.0213042608522 31
0.021324264853 36
0.0213442688538 33
0.0213642728546 31
0.0213842768554 40
0.0214042808562 42
0.021424284857 39
0.0214442888578 33
0.0214642928586 38
0.0214842968594 25
0.0215043008602 43
0.021524304861 32
0.0215443088618 36
0.0215643128626 30
0.0215843168634 39
0.0216043208642 37
0.021624324865 38
0.0216443288658 43
0.0216643328666 51
0.0216843368674 28
0.0217043408682 49
0.021724344869 36
0.0217443488698 33
0.0217643528706 43
0.0217843568714 33
0.0218043608722 41
0.021824364873 36
0.0218443688738 29
0.0218643728746 37
0.0218843768754 32
0.0219043808762 34
0.021924384877 32
0.0219443888778 41
0.0219643928786 30
0.0219843968794 34
0.0220044008802 38
0.022024404881 38
0.0220444088818 48
0.0220644128826 35
0.0220844168834 23
0.0221044208842 25
0.022124424885 34
0.0221444288858 26
0.0221644328866 42
0.0221844368874 42
0.0222044408882 35
0.022224444889 46
0.0222444488898 36
0.0222644528906 29
0.0222844568914 34
0.0223044608922 41
0.022324464893 43
0.0223444688938 38
0.0223644728946 36
0.0223844768954 36
0.0224044808962 37
0.022424484897 33
0.0224444888978 47
0.0224644928986 36
0.0224844968994 30
0.0225045009002 39
0.022524504901 42
0.0225445089018 46
0.0225645129026 43
0.0225845169034 40
0.0226045209042 49
0.022624524905 32
0.0226445289058 44
0.0226645329066 39
0.0226845369074 37
0.0227045409082 47
0.022724544909 39
0.0227445489098 29
0.0227645529106 47
0.0227845569114 37
0.0228045609122 44
0.022824564913 44
0.0228445689138 43
0.0228645729146 49
0.0228845769154 40
0.0229045809162 37
0.022924584917 40
0.0229445889178 46
0.0229645929186 65
0.0229845969194 50
0.0230046009202 42
0.023024604921 47
0.0230446089218 43
0.0230646129226 37
0.0230846169234 41
0.0231046209242 43
0.023124624925 35
0.0231446289258 40
0.0231646329266 42
0.0231846369274 37
0.0232046409282 41
0.023224644929 33
0.0232446489298 39
0.0232646529306 45
0.0232846569314 43
0.0233046609322 49
0.023324664933 38
0.0233446689338 46
0.0233646729346 38
0.0233846769354 43
0.0234046809362 50
0.023424684937 48
0.0234446889378 55
0.0234646929386 44
0.0234846969394 38
0.0235047009402 34
0.023524704941 32
0.0235447089418 38
0.0235647129426 43
0.0235847169434 34
0.0236047209442 42
0.023624724945 33
0.0236447289458 45
0.0236647329466 39
0.0236847369474 41
0.0237047409482 30
0.023724744949 45
0.0237447489498 55
0.0237647529506 50
0.0237847569514 37
0.0238047609522 41
0.023824764953 45
0.0238447689538 38
0.0238647729546 46
0.0238847769554 41
0.0239047809562 47
0.023924784957 51
0.0239447889578 45
0.0239647929586 52
0.0239847969594 50
0.0240048009602 47
0.024024804961 46
0.0240448089618 47
0.0240648129626 31
0.0240848169634 37
0.0241048209642 41
0.024124824965 39
0.0241448289658 29
0.0241648329666 38
0.0241848369674 46
0.0242048409682 39
0.024224844969 43
0.0242448489698 36
0.0242648529706 39
0.0242848569714 29
0.0243048609722 53
0.024324864973 47
0.0243448689738 55
0.0243648729746 35
0.0243848769754 46
0.0244048809762 38
0.024424884977 41
0.0244448889778 39
0.0244648929786 40
0.0244848969794 54
0.0245049009802 41
0.024524904981 44
0.0245449089818 54
0.0245649129826 50
0.0245849169834 52
0.0246049209842 44
0.024624924985 32
0.0246449289858 37
0.0246649329866 42
0.0246849369874 43
0.0247049409882 45
0.024724944989 49
0.0247449489898 47
0.0247649529906 40
0.0247849569914 47
0.0248049609922 42
0.024824964993 65
0.0248449689938 40
0.0248649729946 39
0.0248849769954 39
0.0249049809962 42
0.024924984997 47
0.0249449889978 45
0.0249649929986 42
0.0249849969994 51
0.0250050010002 43
0.025025005001 43
0.0250450090018 49
0.0250650130026 54
0.0250850170034 41
0.0251050210042 41
0.025125025005 48
0.0251450290058 28
0.0251650330066 36
0.0251850370074 45
0.0252050410082 45
0.025225045009 44
0.0252450490098 39
0.0252650530106 56
0.0252850570114 38
0.0253050610122 57
0.025325065013 46
0.0253450690138 57
0.0253650730146 44
0.0253850770154 39
0.0254050810162 39
0.025425085017 53
0.0254450890178 45
0.0254650930186 54
0.0254850970194 42
0.0255051010202 37
0.025525105021 37
0.0255451090218 46
0.0255651130226 51
0.0255851170234 59
0.0256051210242 43
0.025625125025 53
0.0256451290258 41
0.0256651330266 42
0.0256851370274 49
0.0257051410282 44
0.025725145029 50
0.0257451490298 41
0.0257651530306 38
0.0257851570314 54
0.0258051610322 48
0.025825165033 42
0.0258451690338 52
0.0258651730346 50
0.0258851770354 39
0.0259051810362 55
0.025925185037 50
0.0259451890378 45
0.0259651930386 48
0.0259851970394 47
0.0260052010402 51
0.026025205041 44
0.0260452090418 43
0.0260652130426 41
0.0260852170434 51
0.0261052210442 31
0.026125225045 60
0.0261452290458 50
0.0261652330466 51
0.0261852370474 32
0.0262052410482 52
0.026225245049 53
0.0262452490498 49
0.0262652530506 47
0.0262852570514 45
0.0263052610522 43
0.026325265053 54
0.0263452690538 43
0.0263652730546 52
0.0263852770554 49
0.0264052810562 52
0.026425285057 50
0.0264452890578 54
0.0264652930586 50
0.0264852970594 46
0.0265053010602 46
0.026525305061 54
0.0265453090618 43
0.0265653130626 50
0.0265853170634 44
0.0266053210642 54
0.026625325065 62
0.0266453290658 58
0.0266653330666 50
0.0266853370674 67
0.0267053410682 40
0.026725345069 54
0.0267453490698 44
0.0267653530706 56
0.0267853570714 52
0.0268053610722 51
0.026825365073 50
0.0268453690738 53
0.0268653730746 57
0.0268853770754 44
0.0269053810762 58
0.026925385077 51
0.0269453890778 52
0.0269653930786 59
0.0269853970794 61
0.0270054010802 62
0.027025405081 50
0.0270454090818 46
0.0270654130826 40
0.0270854170834 43
0.0271054210842 48
0.027125425085 52
0.0271454290858 54
0.0271654330866 49
0.0271854370874 54
0.0272054410882 57
0.027225445089 54
0.0272454490898 45
0.0272654530906 56
0.0272854570914 52
0.0273054610922 64
0.027325465093 42
0.0273454690938 58
0.0273654730946 55
0.0273854770954 62
0.0274054810962 52
0.027425485097 43
0.0274454890978 62
0.0274654930986 46
0.0274854970994 58
0.0275055011002 60
0.027525505101 60
0.0275455091018 71
0.0275655131026 49
0.0275855171034 52
0.0276055211042 52
0.027625525105 59
0.0276455291058 69
0.0276655331066 49
0.0276855371074 56
0.0277055411082 61
0.027725545109 57
0.0277455491098 52
0.0277655531106 60
0.0277855571114 39
0.0278055611122 55
0.027825565113 54
0.0278455691138 57
0.0278655731146 47
0.0278855771154 52
0.0279055811162 54
0.027925585117 60
0.0279455891178 68
0.0279655931186 70
0.0279855971194 57
0.0280056011202 60
0.028025605121 60
0.0280456091218 52
0.0280656131226 50
0.0280856171234 48
0.0281056211242 45
0.028125625125 66
0.0281456291258 56
0.0281656331266 64
0.0281856371274 47
0.0282056411282 53
0.028225645129 51
0.0282456491298 76
0.0282656531306 53
0.0282856571314 54
0.0283056611322 48
0.028325665133 51
0.0283456691338 56
0.0283656731346 46
0.0283856771354 50
0.0284056811362 50
0.028425685137 56
0.0284456891378 67
0.0284656931386 65
0.0284856971394 52
0.0285057011402 76
0.028525705141 62
0.0285457091418 57
0.0285657131426 76
0.0285857171434 53
0.0286057211442 53
0.028625725145 60
0.0286457291458 63
0.0286657331466 43
0.0286857371474 60
0.0287057411482 65
0.028725745149 50
0.0287457491498 62
0.0287657531506 59
0.0287857571514 58
0.0288057611522 55
0.028825765153 59
0.0288457691538 60
0.0288657731546 53
0.0288857771554 59
0.0289057811562 47
0.028925785157 70
0.0289457891578 52
0.0289657931586 75
0.0289857971594 57
0.0290058011602 58
0.029025805161 60
0.0290458091618 61
0.0290658131626 52
0.0290858171634 50
0.0291058211642 69
0.029125825165 70
0.0291458291658 52
0.0291658331666 69
0.0291858371674 71
0.0292058411682 69
0.029225845169 63
0.0292458491698 59
0.0292658531706 84
0.0292858571714 60
0.0293058611722 59
0.029325865173 67
0.0293458691738 65
0.0293658731746 70
0.0293858771754 60
0.0294058811762 64
0.029425885177 50
0.0294458891778 54
0.0294658931786 69
0.0294858971794 53
0.0295059011802 50
0.029525905181 51
0.0295459091818 60
0.0295659131826 51
0.0295859171834 72
0.0296059211842 59
0.029625925185 62
0.0296459291858 48
0.0296659331866 64
0.0296859371874 63
0.0297059411882 51
0.029725945189 60
0.0297459491898 58
0.0297659531906 66
0.0297859571914 60
0.0298059611922 54
0.029825965193 63
0.0298459691938 49
0.0298659731946 57
0.0298859771954 49
0.0299059811962 61
0.029925985197 64
0.0299459891978 63
0.0299659931986 66
0.0299859971994 60
0.0300060012002 69
0.030026005201 88
0.0300460092018 56
0.0300660132026 66
0.0300860172034 73
0.0301060212042 62
0.030126025205 67
0.0301460292058 55
0.0301660332066 68
0.0301860372074 70
0.0302060412082 58
0.030226045209 65
0.0302460492098 56
0.0302660532106 63
0.0302860572114 63
0.0303060612122 65
0.030326065213 78
0.0303460692138 69
0.0303660732146 65
0.0303860772154 63
0.0304060812162 59
0.030426085217 65
0.0304460892178 53
0.0304660932186 67
0.0304860972194 65
0.0305061012202 81
0.030526105221 66
0.0305461092218 77
0.0305661132226 45
0.0305861172234 72
0.0306061212242 58
0.030626125225 58
0.0306461292258 63
0.0306661332266 64
0.0306861372274 69
0.0307061412282 82
0.030726145229 58
0.0307461492298 59
0.0307661532306 72
0.0307861572314 70
0.0308061612322 64
0.030826165233 69
0.0308461692338 77
0.0308661732346 48
0.0308861772354 73
0.0309061812362 80
0.030926185237 55
0.0309461892378 72
0.0309661932386 68
0.0309861972394 76
0.0310062012402 65
0.031026205241 76
0.0310462092418 83
0.0310662132426 63
0.0310862172434 61
0.0311062212442 57
0.031126225245 71
0.0311462292458 62
0.0311662332466 70
0.0311862372474 71
0.0312062412482 61
0.031226245249 74
0.0312462492498 58
0.0312662532507 57
0.0312862572515 56
0.0313062612523 60
0.0313262652531 65
0.0313462692539 72
0.0313662732547 77
0.0313862772555 73
0.0314062812563 80
0.0314262852571 76
0.0314462892579 78
0.0314662932587 66
0.0314862972595 53
0.0315063012603 68
0.0315263052611 62
0.0315463092619 76
0.0315663132627 83
0.0315863172635 76
0.0316063212643 51
0.0316263252651 63
0.0316463292659 73
0.0316663332667 79
0.0316863372675 82
0.0317063412683 61
0.0317263452691 76
0.0317463492699 81
0.0317663532707 68
0.0317863572715 67
0.0318063612723 63
0.0318263652731 57
0.0318463692739 71
0.0318663732747 65
0.0318863772755 61
0.0319063812763 55
0.0319263852771 57
0.0319463892779 79
0.0319663932787 81
0.0319863972795 80
0.0320064012803 69
0.0320264052811 78
0.0320464092819 75
0.0320664132827 59
0.0320864172835 76
0.0321064212843 76
0.0321264252851 71
0.0321464292859 76
0.0321664332867 63
0.0321864372875 82
0.0322064412883 63
0.0322264452891 64
0.0322464492899 80
0.0322664532907 69
0.0322864572915 73
0.0323064612923 86
0.0323264652931 65
0.0323464692939 78
0.0323664732947 79
0.0323864772955 69
0.0324064812963 74
0.0324264852971 52
0.0324464892979 64
0.0324664932987 70
0.0324864972995 67
0.0325065013003 70
0.0325265053011 71
0.0325465093019 65
0.0325665133027 65
0.0325865173035 78
0.0326065213043 58
0.0326265253051 86
0.0326465293059 72
0.0326665333067 76
0.0326865373075 70
0.0327065413083 70
0.0327265453091 64
0.0327465493099 68
0.0327665533107 71
0.0327865573115 72
0.0328065613123 84
0.0328265653131 78
0.0328465693139 70
0.0328665733147 83
0.0328865773155 68
0.0329065813163 82
0.0329265853171 78
0.0329465893179 76
0.0329665933187 78
0.0329865973195 83
0.0330066013203 72
0.0330266053211 78
0.0330466093219 69
0.0330666133227 74
0.0330866173235 66
0.0331066213243 99
0.0331266253251 65
0.0331466293259 49
0.0331666333267 84
0.0331866373275 83
0.0332066413283 70
0.0332266453291 73
0.0332466493299 82
0.0332666533307 72
0.0332866573315 73
0.0333066613323 79
0.0333266653331 75
0.0333466693339 82
0.0333666733347 72
0.0333866773355 78
0.0334066813363 74
0.0334266853371 78
0.0334466893379 62
0.0334666933387 81
0.0334866973395 74
0.0335067013403 87
0.0335267053411 95
0.0335467093419 76
0.0335667133427 90
0.0335867173435 68
0.0336067213443 79
0.0336267253451 80
0.0336467293459 89
0.0336667333467 82
0.0336867373475 73
0.0337067413483 77
0.0337267453491 86
0.0337467493499 76
0.0337667533507 74
0.0337867573515 83
0.0338067613523 80
0.0338267653531 61
0.0338467693539 65
0.0338667733547 100
0.0338867773555 65
0.0339067813563 73
0.0339267853571 69
0.0339467893579 67
0.0339667933587 64
0.0339867973595 82
0.0340068013603 82
0.0340268053611 74
0.0340468093619 77
0.0340668133627 68
0.0340868173635 68
0.0341068213643 82
0.0341268253651 80
0.0341468293659 70
0.0341668333667 82
0.0341868373675 80
0.0342068413683 72
0.0342268453691 71
0.0342468493699 84
0.0342668533707 76
0.0342868573715 85
0.0343068613723 60
0.0343268653731 79
0.0343468693739 75
0.0343668733747 71
0.0343868773755 100
0.0344068813763 71
0.0344268853771 98
0.0344468893779 89
0.0344668933787 78
0.0344868973795 79
0.0345069013803 80
0.0345269053811 88
0.0345469093819 87
0.0345669133827 65
0.0345869173835 69
0.0346069213843 70
0.0346269253851 74
0.0346469293859 88
0.0346669333867 81
0.0346869373875 81
0.0347069413883 85
0.0347269453891 72
0.0347469493899 85
0.0347669533907 86
0.0347869573915 87
0.0348069613923 86
0.0348269653931 80
0.0348469693939 85
0.0348669733947 77
0.0348869773955 84
0.0349069813963 95
0.0349269853971 82
0.0349469893979 70
0.0349669933987 95
0.0349869973995 77
0.0350070014003 76
0.0350270054011 75
0.0350470094019 84
0.0350670134027 96
0.0350870174035 63
0.0351070214043 88
0.0351270254051 79
0.0351470294059 79
0.0351670334067 74
0.0351870374075 68
0.0352070414083 94
0.0352270454091 81
0.0352470494099 84
0.0352670534107 94
0.0352870574115 69
0.0353070614123 82
0.0353270654131 79
0.0353470694139 82
0.0353670734147 78
0.0353870774155 73
0.0354070814163 68
0.0354270854171 94
0.0354470894179 95
0.0354670934187 85
0.0354870974195 71
0.0355071014203 89
0.0355271054211 80
0.0355471094219 84
0.0355671134227 99
0.0355871174235 77
0.0356071214243 102
0.0356271254251 86
0.0356471294259 82
0.0356671334267 85
0.0356871374275 76
0.0357071414283 91
0.0357271454291 102
0.0357471494299 89
0.0357671534307 96
0.0357871574315 82
0.0358071614323 75
0.0358271654331 79
0.0358471694339 68
0.0358671734347 74
0.0358871774355 81
0.0359071814363 72
0.0359271854371 91
0.0359471894379 72
0.0359671934387 91
0.0359871974395 72
0.0360072014403 84
0.0360272054411 80
0.0360472094419 88
0.0360672134427 74
0.0360872174435 93
0.0361072214443 96
0.0361272254451 94
0.0361472294459 86
0.0361672334467 90
0.0361872374475 73
0.0362072414483 86
0.0362272454491 85
0.0362472494499 69
0.0362672534507 85
0.0362872574515 86
0.0363072614523 78
0.0363272654531 87
0.0363472694539 102
0.0363672734547 88
0.0363872774555 81
0.0364072814563 94
0.0364272854571 76
0.0364472894579 78
0.0364672934587 80
0.0364872974595 95
0.0365073014603 81
0.0365273054611 90
0.0365473094619 97
0.0365673134627 86
0.0365873174635 75
0.0366073214643 90
0.0366273254651 71
0.0366473294659 98
0.0366673334667 102
0.0366873374675 85
0.0367073414683 77
0.0367273454691 92
0.0367473494699 67
0.0367673534707 92
0.0367873574715 95
0.0368073614723 90
0.0368273654731 86
0.0368473694739 94
0.0368673734747 80
0.0368873774755 86
0.0369073814763 86
0.0369273854771 90
0.0369473894779 85
0.0369673934787 101
0.0369873974795 109
0.0370074014803 91
0.0370274054811 106
0.0370474094819 86
0.0370674134827 82
0.0370874174835 100
0.0371074214843 94
0.0371274254851 91
0.0371474294859 87
0.0371674334867 88
0.0371874374875 106
0.0372074414883 80
0.0372274454891 80
0.0372474494899 101
0.0372674534907 83
0.0372874574915 83
0.0373074614923 91
0.0373274654931 112
0.0373474694939 100
0.0373674734947 81
0.0373874774955 93
0.0374074814963 88
0.0374274854971 99
0.0374474894979 98
0.0374674934987 85
0.0374874974995 112
0.0375075015003 109
0.0375275055011 99
0.0375475095019 87
0.0375675135027 96
0.0375875175035 93
0.0376075215043 89
0.0376275255051 90
0.0376475295059 91
0.0376675335067 95
0.0376875375075 98
0.0377075415083 113
0.0377275455091 109
0.0377475495099 92
0.0377675535107 88
0.0377875575115 77
0.0378075615123 79
0.0378275655131 101
0.0378475695139 111
0.0378675735147 94
0.0378875775155 111
0.0379075815163 118
0.0379275855171 111
0.0379475895179 82
0.0379675935187 88
0.0379875975195 91
0.0380076015203 103
0.0380276055211 83
0.0380476095219 93
0.0380676135227 97
0.0380876175235 103
0.0381076215243 87
0.0381276255251 97
0.0381476295259 93
0.0381676335267 86
0.0381876375275 74
0.0382076415283 72
0.0382276455291 90
0.0382476495299 87
0.0382676535307 85
0.0382876575315 103
0.0383076615323 107
0.0383276655331 97
0.0383476695339 79
0.0383676735347 87
0.0383876775355 86
0.0384076815363 86
0.0384276855371 94
0.0384476895379 80
0.0384676935387 91
0.0384876975395 70
0.0385077015403 105
0.0385277055411 106
0.0385477095419 112
0.0385677135427 98
0.0385877175435 81
0.0386077215443 84
0.0386277255451 95
0.0386477295459 93
0.0386677335467 109
0.0386877375475 98
0.0387077415483 94
0.0387277455491 98
0.0387477495499 91
0.0387677535507 88
0.0387877575515 106
0.0388077615523 85
0.0388277655531 104
0.0388477695539 109
0.0388677735547 102
0.0388877775555 98
0.0389077815563 99
0.0389277855571 103
0.0389477895579 99
0.0389677935587 83
0.0389877975595 88
0.0390078015603 95
0.0390278055611 103
0.0390478095619 101
0.0390678135627 89
0.0390878175635 83
0.0391078215643 96
0.0391278255651 99
0.0391478295659 98
0.0391678335667 107
0.0391878375675 108
0.0392078415683 87
0.0392278455691 96
0.0392478495699 97
0.0392678535707 101
0.0392878575715 89
0.0393078615723 109
0.0393278655731 123
0.0393478695739 106
0.0393678735747 110
0.0393878775755 98
0.0394078815763 103
0.0394278855771 100
0.0394478895779 86
0.0394678935787 95
0.0394878975795 92
0.0395079015803 100
0.0395279055811 97
0.0395479095819 102
0.0395679135827 94
0.0395879175835 96
0.0396079215843 107
0.0396279255851 98
0.0396479295859 102
0.0396679335867 109
0.0396879375875 104
0.0397079415883 100
0.0397279455891 100
0.0397479495899 97
0.0397679535907 103
0.0397879575915 107
0.0398079615923 106
0.0398279655931 102
0.0398479695939 100
0.0398679735947 102
0.0398879775955 96
0.0399079815963 114
0.0399279855971 112
0.0399479895979 103
0.0399679935987 71
0.0399879975995 82
0.0400080016003 101
0.0400280056011 97
0.0400480096019 107
0.0400680136027 88
0.0400880176035 117
0.0401080216043 99
0.0401280256051 98
0.0401480296059 90
0.0401680336067 126
0.0401880376075 111
0.0402080416083 98
0.0402280456091 105
0.0402480496099 106
0.0402680536107 109
0.0402880576115 108
0.0403080616123 112
0.0403280656131 116
0.0403480696139 98
0.0403680736147 114
0.0403880776155 120
0.0404080816163 101
0.0404280856171 97
0.0404480896179 114
0.0404680936187 103
0.0404880976195 96
0.0405081016203 120
0.0405281056211 94
0.0405481096219 105
0.0405681136227 126
0.0405881176235 119
0.0406081216243 81
0.0406281256251 117
0.0406481296259 98
0.0406681336267 98
0.0406881376275 98
0.0407081416283 105
0.0407281456291 123
0.0407481496299 122
0.0407681536307 97
0.0407881576315 96
0.0408081616323 136
0.0408281656331 106
0.0408481696339 128
0.0408681736347 112
0.0408881776355 113
0.0409081816363 118
0.0409281856371 130
0.0409481896379 104
0.0409681936387 128
0.0409881976395 103
0.0410082016403 104
0.0410282056411 124
0.0410482096419 101
0.0410682136427 108
0.0410882176435 113
0.0411082216443 112
0.0411282256451 113
0.0411482296459 111
0.0411682336467 110
0.0411882376475 125
0.0412082416483 112
0.0412282456491 108
0.0412482496499 109
0.0412682536507 113
0.0412882576515 117
0.0413082616523 109
0.0413282656531 105
0.0413482696539 108
0.0413682736547 123
0.0413882776555 122
0.0414082816563 101
0.0414282856571 126
0.0414482896579 115
0.0414682936587 124
0.0414882976595 114
0.0415083016603 112
0.0415283056611 116
0.0415483096619 115
0.0415683136627 89
0.0415883176635 113
0.0416083216643 102
0.0416283256651 114
0.0416483296659 102
0.0416683336667 104
0.0416883376675 105
0.0417083416683 107
0.0417283456691 117
0.0417483496699 100
0.0417683536707 98
0.0417883576715 126
0.0418083616723 118
0.0418283656731 102
0.0418483696739 104
0.0418683736747 108
0.0418883776755 104
0.0419083816763 110
0.0419283856771 102
0.0419483896779 120
0.0419683936787 100
0.0419883976795 124
0.0420084016803 103
0.0420284056811 114
0.0420484096819 133
0.0420684136827 110
0.0420884176835 95
0.0421084216843 111
0.0421284256851 115
0.0421484296859 95
0.0421684336867 106
0.0421884376875 114
0.0422084416883 117
0.0422284456891 118
0.0422484496899 114
0.0422684536907 124
0.0422884576915 118
0.0423084616923 120
0.0423284656931 127
0.0423484696939 99
0.0423684736947 120
0.0423884776955 106
0.0424084816963 127
0.0424284856971 123
0.0424484896979 109
0.0424684936987 107
0.0424884976995 87
0.0425085017003 98
0.0425285057011 109
0.0425485097019 130
0.0425685137027 104
0.0425885177035 112
0.0426085217043 98
0.0426285257051 107
0.0426485297059 119
0.0426685337067 133
0.0426885377075 121
0.0427085417083 108
0.0427285457091 113
0.0427485497099 123
0.0427685537107 103
0.0427885577115 119
0.0428085617123 99
0.0428285657131 112
0.0428485697139 129
0.0428685737147 119
0.0428885777155 112
0.0429085817163 118
0.0429285857171 120
0.0429485897179 107
0.0429685937187 120
0.0429885977195 115
0.0430086017203 110
0.0430286057211 132
0.0430486097219 115
0.0430686137227 116
0.0430886177235 123
0.0431086217243 125
0.0431286257251 111
0.0431486297259 125
0.0431686337267 100
0.0431886377275 132
0.0432086417283 96
0.0432286457291 130
0.0432486497299 120
0.0432686537307 107
0.0432886577315 106
0.0433086617323 111
0.0433286657331 103
0.0433486697339 120
0.0433686737347 104
0.0433886777355 116
0.0434086817363 86
0.0434286857371 112
0.0434486897379 109
0.0434686937387 95
0.0434886977395 95
0.0435087017403 119
0.0435287057411 114
0.0435487097419 126
0.0435687137427 108
0.0435887177435 119
0.0436087217443 104
0.0436287257451 122
0.0436487297459 106
0.0436687337467 120
0.0436887377475 145
0.0437087417483 115
0.0437287457491 97
0.0437487497499 130
0.0437687537508 116
0.0437887577516 134
0.0438087617524 119
0.0438287657532 119
0.043848769754 104
0.0438687737548 109
0.0438887777556 118
0.0439087817564 126
0.0439287857572 114
0.043948789758 111
0.0439687937588 113
0.0439887977596 102
0.0440088017604 121
0.0440288057612 103
0.044048809762 122
0.0440688137628 101
0.0440888177636 113
0.0441088217644 116
0.0441288257652 120
0.044148829766 113
0.0441688337668 121
0.0441888377676 121
0.0442088417684 109
0.0442288457692 105
0.04424884977 108
0.0442688537708 113
0.0442888577716 117
0.0443088617724 110
0.0443288657732 133
0.044348869774 127
0.0443688737748 131
0.0443888777756 123
0.0444088817764 132
0.0444288857772 106
0.044448889778 130
0.0444688937788 136
0.0444888977796 121
0.0445089017804 132
0.0445289057812 125
0.044548909782 134
0.0445689137828 138
0.0445889177836 129
0.0446089217844 129
0.0446289257852 123
0.044648929786 119
0.0446689337868 120
0.0446889377876 101
0.0447089417884 114
0.0447289457892 125
0.04474894979 123
0.0447689537908 104
0.0447889577916 130
0.0448089617924 115
0.0448289657932 127
0.044848969794 119
0.0448689737948 126
0.0448889777956 123
0.0449089817964 116
0.0449289857972 141
0.044948989798 131
0.0449689937988 122
0.0449889977996 114
0.0450090018004 113
0.0450290058012 139
0.045049009802 131
0.0450690138028 127
0.0450890178036 136
0.0451090218044 121
0.0451290258052 143
0.045149029806 114
0.0451690338068 122
0.0451890378076 110
0.0452090418084 120
0.0452290458092 122
0.04524904981 120
0.0452690538108 117
0.0452890578116 101
0.0453090618124 117
0.0453290658132 122
0.045349069814 120
0.0453690738148 122
0.0453890778156 111
0.0454090818164 127
0.0454290858172 120
0.045449089818 130
0.0454690938188 139
0.0454890978196 123
0.0455091018204 118
0.0455291058212 118
0.045549109822 118
0.0455691138228 125
0.0455891178236 124
0.0456091218244 121
0.0456291258252 134
0.045649129826 118
0.0456691338268 101
0.0456891378276 123
0.0457091418284 117
0.0457291458292 131
0.04574914983 124
0.0457691538308 135
0.0457891578316 121
0.0458091618324 125
0.0458291658332 134
0.045849169834 116
0.0458691738348 124
0.0458891778356 108
0.0459091818364 124
0.0459291858372 134
0.045949189838 124
0.0459691938388 131
0.0459891978396 128
0.0460092018404 131
0.0460292058412 135
0.046049209842 136
0.0460692138428 121
0.0460892178436 117
0.0461092218444 132
0.0461292258452 117
0.046149229846 133
0.0461692338468 121
0.0461892378476 119
0.0462092418484 118
0.0462292458492 132
0.04624924985 149
0.0462692538508 100
0.0462892578516 123
0.0463092618524 128
0.0463292658532 132
0.046349269854 98
0.0463692738548 130
0.0463892778556 122
0.0464092818564 123
0.0464292858572 134
0.046449289858 143
0.0464692938588 142
0.0464892978596 123
0.0465093018604 131
0.0465293058612 141
0.046549309862 123
0.0465693138628 115
0.0465893178636 115
0.0466093218644 140
0.0466293258652 133
0.046649329866 120
0.0466693338668 132
0.0466893378676 128
0.0467093418684 128
0.0467293458692 122
0.04674934987 107
0.0467693538708 121
0.0467893578716 121
0.0468093618724 128
0.0468293658732 129
0.046849369874 129
0.0468693738748 123
0.0468893778756 141
0.0469093818764 128
0.0469293858772 117
0.046949389878 139
0.0469693938788 128
0.0469893978796 118
0.0470094018804 126
0.0470294058812 130
0.047049409882 130
0.0470694138828 130
0.0470894178836 124
0.0471094218844 124
0.0471294258852 140
0.047149429886 125
0.0471694338868 139
0.0471894378876 144
0.0472094418884 130
0.0472294458892 121
0.04724944989 136
0.0472694538908 143
0.0472894578916 146
0.0473094618924 125
0.0473294658932 138
0.047349469894 136
0.0473694738948 132
0.0473894778956 116
0.0474094818964 137
0.0474294858972 133
0.047449489898 148
0.0474694938988 148
0.0474894978996 128
0.0475095019004 139
0.0475295059012 133
0.047549509902 112
0.0475695139028 119
0.0475895179036 131
0.0476095219044 133
0.0476295259052 127
0.047649529906 125
0.0476695339068 118
0.0476895379076 135
0.0477095419084 142
0.0477295459092 126
0.04774954991 121
0.0477695539108 134
0.0477895579116 134
0.0478095619124 148
0.0478295659132 156
0.047849569914 117
0.0478695739148 135
0.0478895779156 148
0.0479095819164 121
0.0479295859172 140
0.047949589918 133
0.0479695939188 150
0.0479895979196 138
0.0480096019204 110
0.0480296059212 136
0.048049609922 137
0.0480696139228 141
0.0480896179236 127
0.0481096219244 132
0.0481296259252 147
0.048149629926 128
0.0481696339268 133
0.0481896379276 140
0.0482096419284 146
0.0482296459292 149
0.04824964993 136
0.0482696539308 140
0.0482896579316 140
0.0483096619324 145
0.0483296659332 136
0.048349669934 158
0.0483696739348 122
0.0483896779356 117
0.0484096819364 151
0.0484296859372 137
0.048449689938 131
0.0484696939388 150
0.0484896979396 138
0.0485097019404 130
0.0485297059412 121
0.048549709942 154
0.0485697139428 127
0.0485897179436 138
0.0486097219444 140
0.0486297259452 122
0.048649729946 147
0.0486697339468 144
0.0486897379476 153
0.0487097419484 139
0.0487297459492 136
0.04874974995 137
0.0487697539508 129
0.0487897579516 116
0.0488097619524 145
0.0488297659532 124
0.048849769954 149
0.0488697739548 132
0.0488897779556 140
0.0489097819564 137
0.0489297859572 140
0.048949789958 145
0.0489697939588 146
0.0489897979596 153
0.0490098019604 143
0.0490298059612 143
0.049049809962 130
0.0490698139628 127
0.0490898179636 125
0.0491098219644 148
0.0491298259652 127
0.049149829966 143
0.0491698339668 142
0.0491898379676 151
0.0492098419684 160
0.0492298459692 148
0.04924984997 126
0.0492698539708 148
0.0492898579716 133
0.0493098619724 169
0.0493298659732 139
0.049349869974 135
0.0493698739748 158
0.0493898779756 148
0.0494098819764 142
0.0494298859772 146
0.049449889978 131
0.0494698939788 136
0.0494898979796 142
0.0495099019804 148
0.0495299059812 122
0.049549909982 145
0.0495699139828 146
0.0495899179836 144
0.0496099219844 144
0.0496299259852 119
0.049649929986 143
0.0496699339868 130
0.0496899379876 161
0.0497099419884 145
0.0497299459892 149
0.04974994999 115
0.0497699539908 157
0.0497899579916 129
0.0498099619924 160
0.0498299659932 146
0.049849969994 154
0.0498699739948 134
0.0498899779956 161
0.0499099819964 150
0.0499299859972 137
0.049949989998 150
0.0499699939988 169
0.0499899979996 155
0.0500100020004 155
0.0500300060012 139
0.050050010002 122
0.0500700140028 128
0.0500900180036 168
0.0501100220044 155
0.0501300260052 163
0.050150030006 138
0.0501700340068 154
0.0501900380076 153
0.0502100420084 158
0.0502300460092 147
0.05025005001 142
0.0502700540108 163
0.0502900580116 145
0.0503100620124 150
0.0503300660132 152
0.050350070014 153
0.0503700740148 147
0.0503900780156 143
0.0504100820164 139
0.0504300860172 132
0.050450090018 150
0.0504700940188 183
0.0504900980196 144
0.0505101020204 156
0.0505301060212 137
0.050550110022 162
0.0505701140228 138
0.0505901180236 165
0.0506101220244 132
0.0506301260252 141
0.050650130026 136
0.0506701340268 136
0.0506901380276 132
0.0507101420284 142
0.0507301460292 140
0.05075015003 140
0.0507701540308 169
0.0507901580316 150
0.0508101620324 142
0.0508301660332 141
0.050850170034 151
0.0508701740348 180
0.0508901780356 159
0.0509101820364 147
0.0509301860372 132
0.050950190038 166
0.0509701940388 162
0.0509901980396 154
0.0510102020404 145
0.0510302060412 132
0.051050210042 156
0.0510702140428 124
0.0510902180436 155
0.0511102220444 157
0.0511302260452 145
0.051150230046 155
0.0511702340468 158
0.0511902380476 164
0.0512102420484 139
0.0512302460492 157
0.05125025005 153
0.0512702540508 127
0.0512902580516 156
0.0513102620524 167
0.0513302660532 188
0.051350270054 157
0.0513702740548 137
0.0513902780556 144
0.0514102820564 162
0.0514302860572 153
0.051450290058 137
0.0514702940588 165
0.0514902980596 178
0.0515103020604 139
0.0515303060612 147
0.051550310062 139
0.0515703140628 174
0.0515903180636 158
0.0516103220644 139
0.0516303260652 126
0.051650330066 160
0.0516703340668 140
0.0516903380676 135
0.0517103420684 162
0.0517303460692 153
0.05175035007 159
0.0517703540708 140
0.0517903580716 158
0.0518103620724 160
0.0518303660732 139
0.051850370074 147
0.0518703740748 122
0.0518903780756 163
0.0519103820764 146
0.0519303860772 158
0.051950390078 154
0.0519703940788 136
0.0519903980796 139
0.0520104020804 153
0.0520304060812 151
0.052050410082 141
0.0520704140828 161
0.0520904180836 155
0.0521104220844 144
0.0521304260852 148
0.052150430086 163
0.0521704340868 158
0.0521904380876 154
0.0522104420884 155
0.0522304460892 145
0.05225045009 133
0.0522704540908 145
0.0522904580916 145
0.0523104620924 145
0.0523304660932 150
0.052350470094 155
0.0523704740948 163
0.0523904780956 143
0.0524104820964 143
0.0524304860972 160
0.052450490098 160
0.0524704940988 165
0.0524904980996 151
0.0525105021004 149
0.0525305061012 148
0.052550510102 133
0.0525705141028 182
0.0525905181036 149
0.0526105221044 166
0.0526305261052 161
0.052650530106 148
0.0526705341068 171
0.0526905381076 158
0.0527105421084 152
0.0527305461092 140
0.05275055011 150
0.0527705541108 180
0.0527905581116 150
0.0528105621124 153
0.0528305661132 144
0.052850570114 179
0.0528705741148 136
0.0528905781156 155
0.0529105821164 171
0.0529305861172 156
0.052950590118 150
0.0529705941188 157
0.0529905981196 152
0.0530106021204 158
0.0530306061212 148
0.053050610122 168
0.0530706141228 148
0.0530906181236 151
0.0531106221244 137
0.0531306261252 156
0.053150630126 161
0.0531706341268 181
0.0531906381276 166
0.0532106421284 163
0.0532306461292 142
0.05325065013 160
0.0532706541308 152
0.0532906581316 154
0.0533106621324 138
0.0533306661332 184
0.053350670134 154
0.0533706741348 158
0.0533906781356 159
0.0534106821364 148
0.0534306861372 146
0.053450690138 150
0.0534706941388 132
0.0534906981396 162
0.0535107021404 162
0.0535307061412 180
0.053550710142 157
0.0535707141428 157
0.0535907181436 165
0.0536107221444 156
0.0536307261452 176
0.053650730146 178
0.0536707341468 134
0.0536907381476 170
0.0537107421484 161
0.0537307461492 161
0.05375075015 181
0.0537707541508 147
0.0537907581516 162
0.0538107621524 180
0.0538307661532 153
0.053850770154 176
0.0538707741548 165
0.0538907781556 152
0.0539107821564 149
0.0539307861572 172
0.053950790158 146
0.0539707941588 148
0.0539907981596 165
0.0540108021604 190
0.0540308061612 191
0.054050810162 164
0.0540708141628 154
0.0540908181636 170
0.0541108221644 174
0.0541308261652 176
0.054150830166 159
0.0541708341668 166
0.0541908381676 149
0.0542108421684 153
0.0542308461692 169
0.05425085017 153
0.0542708541708 183
0.0542908581716 160
0.0543108621724 178
0.0543308661732 171
0.054350870174 154
0.0543708741748 164
0.0543908781756 160
0.0544108821764 143
0.0544308861772 193
0.054450890178 157
0.0544708941788 141
0.0544908981796 175
0.0545109021804 156
0.0545309061812 157
0.054550910182 197
0.0545709141828 154
0.0545909181836 150
0.0546109221844 151
0.0546309261852 159
0.054650930186 161
0.0546709341868 151
0.0546909381876 177
0.0547109421884 160
0.0547309461892 192
0.05475095019 177
0.0547709541908 171
0.0547909581916 186
0.0548109621924 179
0.0548309661932 165
0.054850970194 174
0.0548709741948 184
0.0548909781956 164
0.0549109821964 177
0.0549309861972 186
0.054950990198 178
0.0549709941988 160
0.0549909981996 183
0.0550110022004 173
0.0550310062012 172
0.055051010202 191
0.0550710142028 164
0.0550910182036 179
0.0551110222044 155
0.0551310262052 172
0.055151030206 162
0.0551710342068 173
0.0551910382076 153
0.0552110422084 163
0.0552310462092 170
0.05525105021 188
0.0552710542108 196
0.0552910582116 146
0.0553110622124 185
0.0553310662132 174
0.055351070214 170
0.0553710742148 159
0.0553910782156 166
0.0554110822164 190
0.0554310862172 157
0.055451090218 169
0.0554710942188 176
0.0554910982196 196
0.0555111022204 161
0.0555311062212 177
0.055551110222 185
0.0555711142228 156
0.0555911182236 165
0.0556111222244 165
0.0556311262252 176
0.055651130226 166
0.0556711342268 191
0.0556911382276 182
0.0557111422284 175
0.0557311462292 185
0.05575115023 172
0.0557711542308 178
0.0557911582316 154
0.0558111622324 161
0.0558311662332 185
0.055851170234 197
0.0558711742348 169
0.0558911782356 162
0.0559111822364 194
0.0559311862372 155
0.055951190238 170
0.0559711942388 157
0.0559911982396 164
0.0560112022404 153
0.0560312062412 162
0.056051210242 169
0.0560712142428 151
0.0560912182436 149
0.0561112222444 185
0.0561312262452 173
0.056151230246 165
0.0561712342468 168
0.0561912382476 164
0.0562112422484 182
0.0562312462492 196
0.0562512502501 168
0.0562712542509 171
0.0562912582517 168
0.0563112622525 163
0.0563312662533 168
0.0563512702541 171
0.0563712742549 183
0.0563912782557 179
0.0564112822565 169
0.0564312862573 151
0.0564512902581 175
0.0564712942589 168
0.0564912982597 164
0.0565113022605 163
0.0565313062613 173
0.0565513102621 178
0.0565713142629 167
0.0565913182637 152
0.0566113222645 179
0.0566313262653 170
0.0566513302661 171
0.0566713342669 172
0.0566913382677 157
0.0567113422685 183
0.0567313462693 176
0.0567513502701 157
0.0567713542709 167
0.0567913582717 162
0.0568113622725 158
0.0568313662733 182
0.0568513702741 167
0.0568713742749 180
0.0568913782757 184
0.0569113822765 193
0.0569313862773 194
0.0569513902781 163
0.0569713942789 170
0.0569913982797 157
0.0570114022805 169
0.0570314062813 178
0.0570514102821 184
0.0570714142829 176
0.0570914182837 166
0.0571114222845 191
0.0571314262853 165
0.0571514302861 167
0.0571714342869 173
0.0571914382877 186
0.0572114422885 190
0.0572314462893 157
0.0572514502901 188
0.0572714542909 175
0.0572914582917 163
0.0573114622925 160
0.0573314662933 152
0.0573514702941 177
0.0573714742949 188
0.0573914782957 182
0.0574114822965 176
0.0574314862973 162
0.0574514902981 176
0.0574714942989 166
0.0574914982997 169
0.0575115023005 174
0.0575315063013 163
0.0575515103021 211
0.0575715143029 188
0.0575915183037 176
0.0576115223045 186
0.0576315263053 187
0.0576515303061 171
0.0576715343069 179
0.0576915383077 182
0.0577115423085 162
0.0577315463093 175
0.0577515503101 169
0.0577715543109 168
0.0577915583117 182
0.0578115623125 179
0.0578315663133 187
0.0578515703141 169
0.0578715743149 183
0.0578915783157 182
0.0579115823165 180
0.0579315863173 186
0.0579515903181 185
0.0579715943189 177
0.0579915983197 193
0.0580116023205 163
0.0580316063213 173
0.0580516103221 186
0.0580716143229 158
0.0580916183237 193
0.0581116223245 177
0.0581316263253 158
0.0581516303261 207
0.0581716343269 192
0.0581916383277 182
0.0582116423285 178
0.0582316463293 184
0.0582516503301 157
0.0582716543309 180
0.0582916583317 194
0.0583116623325 176
0.0583316663333 176
0.0583516703341 201
0.0583716743349 178
0.0583916783357 191
0.0584116823365 182
0.0584316863373 177
0.0584516903381 202
0.0584716943389 174
0.0584916983397 203
0.0585117023405 162
0.0585317063413 145
0.0585517103421 168
0.0585717143429 190
0.0585917183437 198
0.0586117223445 187
0.0586317263453 169
0.0586517303461 197
0.0586717343469 185
0.0586917383477 172
0.0587117423485 183
0.0587317463493 203
0.0587517503501 202
0.0587717543509 187
0.0587917583517 180
0.0588117623525 218
0.0588317663533 202
0.0588517703541 189
0.0588717743549 188
0.0588917783557 155
0.0589117823565 204
0.0589317863573 196
0.0589517903581 167
0.0589717943589 189
0.0589917983597 174
0.0590118023605 186
0.0590318063613 200
0.0590518103621 191
0.0590718143629 188
0.0590918183637 205
0.0591118223645 174
0.0591318263653 186
0.0591518303661 187
0.0591718343669 187
0.0591918383677 177
0.0592118423685 209
0.0592318463693 204
0.0592518503701 204
0.0592718543709 187
0.0592918583717 190
0.0593118623725 176
0.0593318663733 193
0.0593518703741 183
0.0593718743749 185
0.0593918783757 158
0.0594118823765 169
0.0594318863773 165
0.0594518903781 166
0.0594718943789 194
0.0594918983797 206
0.0595119023805 197
0.0595319063813 174
0.0595519103821 198
0.0595719143829 188
0.0595919183837 192
0.0596119223845 192
0.0596319263853 193
0.0596519303861 168
0.0596719343869 192
0.0596919383877 179
0.0597119423885 208
0.0597319463893 196
0.0597519503901 168
0.0597719543909 205
0.0597919583917 162
0.0598119623925 175
0.0598319663933 175
0.0598519703941 194
0.0598719743949 173
0.0598919783957 163
0.0599119823965 190
0.0599319863973 196
0.0599519903981 193
0.0599719943989 179
0.0599919983997 167
0.0600120024005 177
0.0600320064013 185
0.0600520104021 208
0.0600720144029 186
0.0600920184037 174
0.0601120224045 183
0.0601320264053 197
0.0601520304061 171
0.0601720344069 195
0.0601920384077 173
0.0602120424085 185
0.0602320464093 186
0.0602520504101 192
0.0602720544109 205
0.0602920584117 171
0.0603120624125 184
0.0603320664133 164
0.0603520704141 194
0.0603720744149 177
0.0603920784157 168
0.0604120824165 207
0.0604320864173 216
0.0604520904181 211
0.0604720944189 188
0.0604920984197 187
0.0605121024205 208
0.0605321064213 188
0.0605521104221 187
0.0605721144229 188
0.0605921184237 170
0.0606121224245 191
0.0606321264253 218
0.0606521304261 207
0.0606721344269 207
0.0606921384277 195
0.0607121424285 207
0.0607321464293 221
0.0607521504301 199
0.0607721544309 203
0.0607921584317 192
0.0608121624325 179
0.0608321664333 213
0.0608521704341 203
0.0608721744349 190
0.0608921784357 220
0.0609121824365 211
0.0609321864373 214
0.0609521904381 195
0.0609721944389 198
0.0609921984397 184
0.0610122024405 216
0.0610322064413 205
0.0610522104421 208
0.0610722144429 202
0.0610922184437 198
0.0611122224445 180
0.0611322264453 191
0.0611522304461 180
0.0611722344469 211
0.0611922384477 165
0.0612122424485 185
0.0612322464493 186
0.0612522504501 201
0.0612722544509 199
0.0612922584517 191
0.0613122624525 213
0.0613322664533 167
0.0613522704541 180
0.0613722744549 186
0.0613922784557 193
0.0614122824565 167
0.0614322864573 200
0.0614522904581 173
0.0614722944589 178
0.0614922984597 190
0.0615123024605 196
0.0615323064613 188
0.0615523104621 204
0.0615723144629 208
0.0615923184637 190
0.0616123224645 192
0.0616323264653 199
0.0616523304661 202
0.0616723344669 195
0.0616923384677 202
0.0617123424685 205
0.0617323464693 206
0.0617523504701 231
0.0617723544709 207
0.0617923584717 213
0.0618123624725 191
0.0618323664733 184
0.0618523704741 206
0.0618723744749 189
0.0618923784757 207
0.0619123824765 190
0.0619323864773 201
0.0619523904781 205
0.0619723944789 197
0.0619923984797 182
0.0620124024805 175
0.0620324064813 202
0.0620524104821 187
0.0620724144829 169
0.0620924184837 204
0.0621124224845 201
0.0621324264853 178
0.0621524304861 204
0.0621724344869 191
0.0621924384877 201
0.0622124424885 206
0.0622324464893 191
0.0622524504901 208
0.0622724544909 208
0.0622924584917 202
0.0623124624925 203
0.0623324664933 211
0.0623524704941 216
0.0623724744949 210
0.0623924784957 174
0.0624124824965 198
0.0624324864973 195
0.0624524904981 217
0.0624724944989 186
0.0624924984997 218
0.0625125025005 190
0.0625325065013 187
0.0625525105021 204
0.0625725145029 169
0.0625925185037 188
0.0626125225045 204
0.0626325265053 190
0.0626525305061 210
0.0626725345069 214
0.0626925385077 200
0.0627125425085 210
0.0627325465093 197
0.0627525505101 202
0.0627725545109 200
0.0627925585117 205
0.0628125625125 199
0.0628325665133 206
0.0628525705141 168
0.0628725745149 200
0.0628925785157 220
0.0629125825165 178
0.0629325865173 201
0.0629525905181 202
0.0629725945189 202
0.0629925985197 210
0.0630126025205 209
0.0630326065213 215
0.0630526105221 191
0.0630726145229 206
0.0630926185237 211
0.0631126225245 215
0.0631326265253 225
0.0631526305261 221
0.0631726345269 202
0.0631926385277 188
0.0632126425285 183
0.0632326465293 208
0.0632526505301 206
0.0632726545309 209
0.0632926585317 152
0.0633126625325 185
0.0633326665333 182
0.0633526705341 198
0.0633726745349 208
0.0633926785357 201
0.0634126825365 220
0.0634326865373 195
0.0634526905381 172
0.0634726945389 195
0.0634926985397 197
0.0635127025405 194
0.0635327065413 178
0.0635527105421 201
0.0635727145429 223
0.0635927185437 185
0.0636127225445 213
0.0636327265453 197
0.0636527305461 213
0.0636727345469 172
0.0636927385477 181
0.0637127425485 184
0.0637327465493 184
0.0637527505501 188
0.0637727545509 215
0.0637927585517 209
0.0638127625525 186
0.0638327665533 217
0.0638527705541 236
0.0638727745549 211
0.0638927785557 196
0.0639127825565 233
0.0639327865573 197
0.0639527905581 185
0.0639727945589 215
0.0639927985597 214
0.0640128025605 210
0.0640328065613 208
0.0640528105621 245
0.0640728145629 216
0.0640928185637 214
0.0641128225645 198
0.0641328265653 202
0.0641528305661 230
0.0641728345669 190
0.0641928385677 188
0.0642128425685 212
0.0642328465693 203
0.0642528505701 217
0.0642728545709 186
0.0642928585717 191
0.0643128625725 208
0.0643328665733 216
0.0643528705741 207
0.0643728745749 236
0.0643928785757 187
0.0644128825765 194
0.0644328865773 220
0.0644528905781 207
0.0644728945789 225
0.0644928985797 190
0.0645129025805 211
0.0645329065813 219
0.0645529105821 217
0.0645729145829 180
0.0645929185837 207
0.0646129225845 207
0.0646329265853 192
0.0646529305861 227
0.0646729345869 218
0.0646929385877 211
0.0647129425885 192
0.0647329465893 222
0.0647529505901 188
0.0647729545909 201
0.0647929585917 213
0.0648129625925 220
0.0648329665933 222
0.0648529705941 208
0.0648729745949 229
0.0648929785957 203
0.0649129825965 207
0.0649329865973 206
0.0649529905981 222
0.0649729945989 189
0.0649929985997 198
0.0650130026005 214
0.0650330066013 210
0.0650530106021 201
0.0650730146029 202
0.0650930186037 189
0.0651130226045 214
0.0651330266053 206
0.0651530306061 200
0.0651730346069 201
0.0651930386077 203
0.0652130426085 219
0.0652330466093 206
0.0652530506101 227
0.0652730546109 220
0.0652930586117 199
0.0653130626125 236
0.0653330666133 199
0.0653530706141 242
0.0653730746149 213
0.0653930786157 203
0.0654130826165 210
0.0654330866173 211
0.0654530906181 241
0.0654730946189 208
0.0654930986197 215
0.0655131026205 232
0.0655331066213 194
0.0655531106221 163
0.0655731146229 241
0.0655931186237 215
0.0656131226245 213
0.0656331266253 230
0.0656531306261 235
0.0656731346269 228
0.0656931386277 205
0.0657131426285 222
0.0657331466293 205
0.0657531506301 221
0.0657731546309 203
0.0657931586317 217
0.0658131626325 220
0.0658331666333 201
0.0658531706341 194
0.0658731746349 215
0.0658931786357 192
0.0659131826365 223
0.0659331866373 207
0.0659531906381 223
0.0659731946389 211
0.0659931986397 210
0.0660132026405 217
0.0660332066413 213
0.0660532106421 215
0.0660732146429 214
0.0660932186437 222
0.0661132226445 197
0.0661332266453 191
0.0661532306461 183
0.0661732346469 203
0.0661932386477 224
0.0662132426485 232
0.0662332466493 202
0.0662532506501 244
0.0662732546509 186
0.0662932586517 211
0.0663132626525 178
0.0663332666533 206
0.0663532706541 219
0.0663732746549 205
0.0663932786557 212
0.0664132826565 216
0.0664332866573 204
0.0664532906581 200
0.0664732946589 232
0.0664932986597 213
0.0665133026605 211
0.0665333066613 197
0.0665533106621 215
0.0665733146629 189
0.0665933186637 223
0.0666133226645 229
0.0666333266653 227
0.0666533306661 215
0.0666733346669 228
0.0666933386677 218
0.0667133426685 206
0.0667333466693 202
0.0667533506701 226
0.0667733546709 203
0.0667933586717 215
0.0668133626725 201
0.0668333666733 221
0.0668533706741 249
0.0668733746749 217
0.0668933786757 221
0.0669133826765 219
0.0669333866773 222
0.0669533906781 231
0.0669733946789 238
0.0669933986797 193
0.0670134026805 191
0.0670334066813 211
0.0670534106821 200
0.0670734146829 220
0.0670934186837 209
0.0671134226845 238
0.0671334266853 248
0.0671534306861 189
0.0671734346869 204
0.0671934386877 215
0.0672134426885 213
0.0672334466893 242
0.0672534506901 220
0.0672734546909 209
0.0672934586917 206
0.0673134626925 197
0.0673334666933 215
0.0673534706941 199
0.0673734746949 216
0.0673934786957 203
0.0674134826965 233
0.0674334866973 239
0.0674534906981 205
0.0674734946989 201
0.0674934986997 227
0.0675135027005 206
0.0675335067013 262
0.0675535107021 222
0.0675735147029 245
0.0675935187037 217
0.0676135227045 229
0.0676335267053 234
0.0676535307061 210
0.0676735347069 212
0.0676935387077 221
0.0677135427085 198
0.0677335467093 218
0.0677535507101 250
0.0677735547109 239
0.0677935587117 185
0.0678135627125 237
0.0678335667133 233
0.0678535707141 206
0.0678735747149 246
0.0678935787157 220
0.0679135827165 236
0.0679335867173 230
0.0679535907181 236
0.0679735947189 210
0.0679935987197 244
0.0680136027205 221
0.0680336067213 205
0.0680536107221 205
0.0680736147229 250
0.0680936187237 229
0.0681136227245 207
0.0681336267253 220
0.0681536307261 205
0.0681736347269 229
0.0681936387277 249
0.0682136427285 223
0.0682336467293 212
0.0682536507301 219
0.0682736547309 241
0.0682936587317 249
0.0683136627325 221
0.0683336667333 207
0.0683536707341 228
0.0683736747349 206
0.0683936787357 218
0.0684136827365 214
0.0684336867373 223
0.0684536907381 211
0.0684736947389 207
0.0684936987397 221
0.0685137027405 233
0.0685337067413 245
0.0685537107421 245
0.0685737147429 207
0.0685937187437 234
0.0686137227445 201
0.0686337267453 213
0.0686537307461 223
0.0686737347469 241
0.0686937387477 227
0.0687137427485 201
0.0687337467493 219
0.0687537507502 254
0.068773754751 232
0.0687937587518 265
0.0688137627526 227
0.0688337667534 214
0.0688537707542 257
0.068873774755 196
0.0688937787558 224
0.0689137827566 200
0.0689337867574 240
0.0689537907582 232
0.068973794759 219
0.0689937987598 214
0.0690138027606 226
0.0690338067614 223
0.0690538107622 230
0.069073814763 225
0.0690938187638 247
0.0691138227646 230
0.0691338267654 185
0.0691538307662 247
0.069173834767 246
0.0691938387678 242
0.0692138427686 251
0.0692338467694 243
0.0692538507702 204
0.069273854771 198
0.0692938587718 220
0.0693138627726 261
0.0693338667734 220
0.0693538707742 224
0.069373874775 215
0.0693938787758 243
0.0694138827766 240
0.0694338867774 251
0.0694538907782 200
0.069473894779 225
0.0694938987798 223
0.0695139027806 212
0.0695339067814 245
0.0695539107822 239
0.069573914783 196
0.0695939187838 210
0.0696139227846 237
0.0696339267854 236
0.0696539307862 227
0.069673934787 229
0.0696939387878 239
0.0697139427886 218
0.0697339467894 236
0.0697539507902 239
0.069773954791 240
0.0697939587918 204
0.0698139627926 244
0.0698339667934 206
0.0698539707942 219
0.069873974795 233
0.0698939787958 219
0.0699139827966 215
0.0699339867974 263
0.0699539907982 241
0.069973994799 232
0.0699939987998 217
0.0700140028006 198
0.0700340068014 232
0.0700540108022 207
0.070074014803 245
0.0700940188038 221
0.0701140228046 219
0.0701340268054 230
0.0701540308062 244
0.070174034807 258
0.0701940388078 215
0.0702140428086 240
0.0702340468094 222
0.0702540508102 213
0.070274054811 230
0.0702940588118 229
0.0703140628126 261
0.0703340668134 245
0.0703540708142 222
0.070374074815 232
0.0703940788158 256
0.0704140828166 225
0.0704340868174 251
0.0704540908182 248
0.070474094819 253
0.0704940988198 233
0.0705141028206 217
0.0705341068214 230
0.0705541108222 239
0.070574114823 248
0.0705941188238 244
0.0706141228246 237
0.0706341268254 258
0.0706541308262 232
0.070674134827 242
0.0706941388278 209
0.0707141428286 229
0.0707341468294 253
0.0707541508302 266
0.070774154831 220
0.0707941588318 221
0.0708141628326 219
0.0708341668334 234
0.0708541708342 217
0.070874174835 235
0.0708941788358 230
0.0709141828366 208
0.0709341868374 225
0.0709541908382 248
0.070974194839 226
0.0709941988398 224
0.0710142028406 217
0.0710342068414 233
0.0710542108422 243
0.071074214843 238
0.0710942188438 211
0.0711142228446 245
0.0711342268454 235
0.0711542308462 232
0.071174234847 239
0.0711942388478 231
0.0712142428486 245
0.0712342468494 229
0.0712542508502 238
0.071274254851 229
0.0712942588518 233
0.0713142628526 265
0.0713342668534 244
0.0713542708542 252
0.071374274855 233
0.0713942788558 244
0.0714142828566 275
0.0714342868574 228
0.0714542908582 240
0.071474294859 219
0.0714942988598 251
0.0715143028606 236
0.0715343068614 247
0.0715543108622 229
0.071574314863 233
0.0715943188638 249
0.0716143228646 255
0.0716343268654 244
0.0716543308662 240
0.071674334867 228
0.0716943388678 234
0.0717143428686 225
0.0717343468694 247
0.0717543508702 253
0.071774354871 237
0.0717943588718 243
0.0718143628726 250
0.0718343668734 243
0.0718543708742 255
0.071874374875 234
0.0718943788758 258
0.0719143828766 251
0.0719343868774 268
0.0719543908782 233
0.071974394879 227
0.0719943988798 247
0.0720144028806 282
0.0720344068814 229
0.0720544108822 246
0.072074414883 235
0.0720944188838 240
0.0721144228846 258
0.0721344268854 239
0.0721544308862 250
0.072174434887 241
0.0721944388878 239
0.0722144428886 252
0.0722344468894 229
0.0722544508902 268
0.072274454891 240
0.0722944588918 236
0.0723144628926 241
0.0723344668934 279
0.0723544708942 243
0.072374474895 261
0.0723944788958 231
0.0724144828966 255
0.0724344868974 255
0.0724544908982 237
0.072474494899 221
0.0724944988998 225
0.0725145029006 241
0.0725345069014 237
0.0725545109022 230
0.072574514903 252
0.0725945189038 246
0.0726145229046 228
0.0726345269054 268
0.0726545309062 265
0.072674534907 228
0.0726945389078 271
0.0727145429086 217
0.0727345469094 237
0.0727545509102 249
0.072774554911 257
0.0727945589118 263
0.0728145629126 241
0.0728345669134 255
0.0728545709142 220
0.072874574915 242
0.0728945789158 235
0.0729145829166 243
0.0729345869174 224
0.0729545909182 268
0.072974594919 244
0.0729945989198 258
0.0730146029206 236
0.0730346069214 235
0.0730546109222 265
0.073074614923 277
0.0730946189238 261
0.0731146229246 248
0.0731346269254 238
0.0731546309262 244
0.073174634927 260
0.0731946389278 277
0.0732146429286 291
0.0732346469294 235
0.0732546509302 275
0.073274654931 268
0.0732946589318 229
0.0733146629326 217
0.0733346669334 244
0.0733546709342 257
0.073374674935 231
0.0733946789358 267
0.0734146829366 226
0.0734346869374 261
0.0734546909382 258
0.073474694939 271
0.0734946989398 258
0.0735147029406 248
0.0735347069414 236
0.0735547109422 241
0.073574714943 244
0.0735947189438 243
0.0736147229446 250
0.0736347269454 240
0.0736547309462 217
0.073674734947 247
0.0736947389478 280
0.0737147429486 266
0.0737347469494 254
0.0737547509502 252
0.073774754951 257
0.0737947589518 231
0.0738147629526 268
0.0738347669534 241
0.0738547709542 209
0.073874774955 242
0.0738947789558 239
0.0739147829566 248
0.0739347869574 263
0.0739547909582 247
0.073974794959 265
0.0739947989598 255
0.0740148029606 244
0.0740348069614 279
0.0740548109622 246
0.074074814963 267
0.0740948189638 241
0.0741148229646 283
0.0741348269654 258
0.0741548309662 262
0.074174834967 247
0.0741948389678 275
0.0742148429686 242
0.0742348469694 256
0.0742548509702 209
0.074274854971 250
0.0742948589718 249
0.0743148629726 235
0.0743348669734 251
0.0743548709742 201
0.074374874975 249
0.0743948789758 253
0.0744148829766 250
0.0744348869774 229
0.0744548909782 231
0.074474894979 233
0.0744948989798 239
0.0745149029806 258
0.0745349069814 253
0.0745549109822 243
0.074574914983 260
0.0745949189838 244
0.0746149229846 244
0.0746349269854 237
0.0746549309862 259
0.074674934987 260
0.0746949389878 249
0.0747149429886 256
0.0747349469894 223
0.0747549509902 262
0.074774954991 266
0.0747949589918 262
0.0748149629926 268
0.0748349669934 227
0.0748549709942 258
0.074874974995 277
0.0748949789958 252
0.0749149829966 258
0.0749349869974 252
0.0749549909982 236
0.074974994999 246
0.0749949989998 231
0.0750150030006 245
0.0750350070014 262
0.0750550110022 282
0.075075015003 244
0.0750950190038 250
0.0751150230046 232
0.0751350270054 239
0.0751550310062 253
0.075175035007 246
0.0751950390078 260
0.0752150430086 256
0.0752350470094 247
0.0752550510102 255
0.075275055011 261
0.0752950590118 257
0.0753150630126 251
0.0753350670134 257
0.0753550710142 263
0.075375075015 273
0.0753950790158 261
0.0754150830166 243
0.0754350870174 237
0.0754550910182 257
0.075475095019 259
0.0754950990198 252
0.0755151030206 241
0.0755351070214 223
0.0755551110222 255
0.075575115023 261
0.0755951190238 249
0.0756151230246 253
0.0756351270254 244
0.0756551310262 248
0.075675135027 255
0.0756951390278 253
0.0757151430286 252
0.0757351470294 234
0.0757551510302 259
0.075775155031 236
0.0757951590318 225
0.0758151630326 285
0.0758351670334 262
0.0758551710342 265
0.075875175035 251
0.0758951790358 252
0.0759151830366 269
0.0759351870374 247
0.0759551910382 233
0.075975195039 250
0.0759951990398 219
0.0760152030406 264
0.0760352070414 287
0.0760552110422 272
0.076075215043 255
0.0760952190438 248
0.0761152230446 278
0.0761352270454 256
0.0761552310462 278
0.076175235047 275
0.0761952390478 277
0.0762152430486 269
0.0762352470494 251
0.0762552510502 250
0.076275255051 243
0.0762952590518 255
0.0763152630526 253
0.0763352670534 267
0.0763552710542 273
0.076375275055 239
0.0763952790558 272
0.0764152830566 258
0.0764352870574 241
0.0764552910582 235
0.076475295059 301
0.0764952990598 273
0.0765153030606 251
0.0765353070614 270
0.0765553110622 259
0.076575315063 249
0.0765953190638 263
0.0766153230646 281
0.0766353270654 248
0.0766553310662 245
0.076675335067 247
0.0766953390678 264
0.0767153430686 262
0.0767353470694 257
0.0767553510702 277
0.076775355071 270
0.0767953590718 263
0.0768153630726 279
0.0768353670734 270
0.0768553710742 242
0.076875375075 255
0.0768953790758 262
0.0769153830766 272
0.0769353870774 269
0.0769553910782 270
0.076975395079 238
0.0769953990798 246
0.0770154030806 246
0.0770354070814 242
0.0770554110822 274
0.077075415083 274
0.0770954190838 247
0.0771154230846 272
0.0771354270854 280
0.0771554310862 299
0.077175435087 250
0.0771954390878 240
0.0772154430886 286
0.0772354470894 264
0.0772554510902 273
0.077275455091 233
0.0772954590918 262
0.0773154630926 269
0.0773354670934 245
0.0773554710942 252
0.077375475095 289
0.0773954790958 237
0.0774154830966 286
0.0774354870974 294
0.0774554910982 232
0.077475495099 276
0.0774954990998 237
0.0775155031006 279
0.0775355071014 276
0.0775555111022 258
0.077575515103 277
0.0775955191038 273
0.0776155231046 257
0.0776355271054 250
0.0776555311062 261
0.077675535107 239
0.0776955391078 252
0.0777155431086 246
0.0777355471094 255
0.0777555511102 286
0.077775555111 268
0.0777955591118 318
0.0778155631126 294
0.0778355671134 272
0.0778555711142 268
0.077875575115 268
0.0778955791158 230
0.0779155831166 252
0.0779355871174 291
0.0779555911182 255
0.077975595119 225
0.0779955991198 262
0.0780156031206 273
0.0780356071214 256
0.0780556111222 316
0.078075615123 253
0.0780956191238 248
0.0781156231246 272
0.0781356271254 267
0.0781556311262 240
0.078175635127 269
0.0781956391278 270
0.0782156431286 290
0.0782356471294 257
0.0782556511302 280
0.078275655131 261
0.0782956591318 304
0.0783156631326 256
0.0783356671334 269
0.0783556711342 270
0.078375675135 279
0.0783956791358 277
0.0784156831366 269
0.0784356871374 260
0.0784556911382 249
0.078475695139 241
0.0784956991398 264
0.0785157031406 268
0.0785357071414 284
0.0785557111422 283
0.078575715143 264
0.0785957191438 273
0.0786157231446 262
0.0786357271454 294
0.0786557311462 279
0.078675735147 231
0.0786957391478 262
0.0787157431486 295
0.0787357471494 285
0.0787557511502 268
0.078775755151 259
0.0787957591518 290
0.0788157631526 254
0.0788357671534 264
0.0788557711542 287
0.078875775155 274
0.0788957791558 264
0.0789157831566 283
0.0789357871574 280
0.0789557911582 262
0.078975795159 259
0.0789957991598 279
0.0790158031606 272
0.0790358071614 292
0.0790558111622 291
0.079075815163 250
0.0790958191638 269
0.0791158231646 264
0.0791358271654 273
0.0791558311662 283
0.079175835167 243
0.0791958391678 259
0.0792158431686 275
0.0792358471694 268
0.0792558511702 269
0.079275855171 262
0.0792958591718 293
0.0793158631726 275
0.0793358671734 270
0.0793558711742 261
0.079375875175 261
0.0793958791758 275
0.0794158831766 272
0.0794358871774 285
0.0794558911782 261
0.079475895179 251
0.0794958991798 290
0.0795159031806 265
0.0795359071814 294
0.0795559111822 278
0.079575915183 262
0.0795959191838 287
0.0796159231846 286
0.0796359271854 298
0.0796559311862 241
0.079675935187 255
0.0796959391878 279
0.0797159431886 267
0.0797359471894 271
0.0797559511902 297
0.079775955191 274
0.0797959591918 271
0.0798159631926 291
0.0798359671934 263
0.0798559711942 300
0.079875975195 237
0.0798959791958 245
0.0799159831966 243
0.0799359871974 282
0.0799559911982 254
0.079975995199 272
0.0799959991998 286
0.0800160032006 249
0.0800360072014 274
0.0800560112022 303
0.080076015203 296
0.0800960192038 263
0.0801160232046 241
0.0801360272054 287
0.0801560312062 271
0.080176035207 274
0.0801960392078 266
0.0802160432086 263
0.0802360472094 305
0.0802560512102 295
0.080276055211 258
0.0802960592118 268
0.0803160632126 258
0.0803360672134 250
0.0803560712142 289
0.080376075215 264
0.0803960792158 277
0.0804160832166 302
0.0804360872174 273
0.0804560912182 307
0.080476095219 232
0.0804960992198 290
0.0805161032206 287
0.0805361072214 302
0.0805561112222 286
0.080576115223 302
0.0805961192238 287
0.0806161232246 277
0.0806361272254 283
0.0806561312262 259
0.080676135227 306
0.0806961392278 282
0.0807161432286 258
0.0807361472294 270
0.0807561512302 291
0.080776155231 290
0.0807961592318 276
0.0808161632326 273
0.0808361672334 295
0.0808561712342 309
0.080876175235 278
0.0808961792358 284
0.0809161832366 290
0.0809361872374 291
0.0809561912382 299
0.080976195239 266
0.0809961992398 307
0.0810162032406 261
0.0810362072414 281
0.0810562112422 263
0.081076215243 287
0.0810962192438 281
0.0811162232446 268
0.0811362272454 287
0.0811562312462 291
0.081176235247 307
0.0811962392478 273
0.0812162432486 268
0.0812362472494 263
0.0812562512503 300
0.0812762552511 294
0.0812962592519 286
0.0813162632527 269
0.0813362672535 261
0.0813562712543 289
0.0813762752551 293
0.0813962792559 293
0.0814162832567 287
0.0814362872575 322
0.0814562912583 284
0.0814762952591 283
0.0814962992599 270
0.0815163032607 277
0.0815363072615 288
0.0815563112623 272
0.0815763152631 267
0.0815963192639 281
0.0816163232647 293
0.0816363272655 269
0.0816563312663 247
0.0816763352671 274
0.0816963392679 270
0.0817163432687 305
0.0817363472695 311
0.0817563512703 255
0.0817763552711 275
0.0817963592719 279
0.0818163632727 267
0.0818363672735 275
0.0818563712743 294
0.0818763752751 294
0.0818963792759 234
0.0819163832767 275
0.0819363872775 299
0.0819563912783 278
0.0819763952791 256
0.0819963992799 305
0.0820164032807 315
0.0820364072815 283
0.0820564112823 300
0.0820764152831 284
0.0820964192839 274
0.0821164232847 274
0.0821364272855 279
0.0821564312863 266
0.0821764352871 281
0.0821964392879 291
0.0822164432887 274
0.0822364472895 314
0.0822564512903 275
0.0822764552911 317
0.0822964592919 271
0.0823164632927 292
0.0823364672935 311
0.0823564712943 267
0.0823764752951 292
0.0823964792959 285
0.0824164832967 278
0.0824364872975 292
0.0824564912983 307
0.0824764952991 279
0.0824964992999 285
0.0825165033007 287
0.0825365073015 293
0.0825565113023 301
0.0825765153031 264
0.0825965193039 290
0.0826165233047 297
0.0826365273055 251
0.0826565313063 291
0.0826765353071 287
0.0826965393079 286
0.0827165433087 255
0.0827365473095 282
0.0827565513103 265
0.0827765553111 281
0.0827965593119 289
0.0828165633127 286
0.0828365673135 307
0.0828565713143 268
0.0828765753151 288
0.0828965793159 299
0.0829165833167 284
0.0829365873175 303
0.0829565913183 260
0.0829765953191 276
0.0829965993199 296
0.0830166033207 273
0.0830366073215 253
0.0830566113223 284
0.0830766153231 305
0.0830966193239 264
0.0831166233247 276
0.0831366273255 275
0.0831566313263 286
0.0831766353271 284
0.0831966393279 278
0.0832166433287 319
0.0832366473295 288
0.0832566513303 253
0.0832766553311 302
0.0832966593319 300
0.0833166633327 277
0.0833366673335 311
0.0833566713343 287
0.0833766753351 265
0.0833966793359 272
0.0834166833367 286
0.0834366873375 301
0.0834566913383 304
0.0834766953391 274
0.0834966993399 285
0.0835167033407 310
0.0835367073415 303
0.0835567113423 269
0.0835767153431 286
0.0835967193439 296
0.0836167233447 279
0.0836367273455 295
0.0836567313463 293
0.0836767353471 254
0.0836967393479 311
0.0837167433487 274
0.0837367473495 322
0.0837567513503 301
0.0837767553511 298
0.0837967593519 273
0.0838167633527 304
0.0838367673535 295
0.0838567713543 268
0.0838767753551 318
0.0838967793559 342
0.0839167833567 269
0.0839367873575 283
0.0839567913583 293
0.0839767953591 306
0.0839967993599 276
0.0840168033607 316
0.0840368073615 290
0.0840568113623 257
0.0840768153631 304
0.0840968193639 276
0.0841168233647 282
0.0841368273655 285
0.0841568313663 297
0.0841768353671 293
0.0841968393679 283
0.0842168433687 298
0.0842368473695 298
0.0842568513703 287
0.0842768553711 339
0.0842968593719 297
0.0843168633727 293
0.0843368673735 289
0.0843568713743 298
0.0843768753751 315
0.0843968793759 286
0.0844168833767 287
0.0844368873775 283
0.0844568913783 319
0.0844768953791 319
0.0844968993799 316
0.0845169033807 307
0.0845369073815 281
0.0845569113823 285
0.0845769153831 289
0.0845969193839 292
0.0846169233847 295
0.0846369273855 290
0.0846569313863 289
0.0846769353871 289
0.0846969393879 279
0.0847169433887 293
0.0847369473895 295
0.0847569513903 295
0.0847769553911 280
0.0847969593919 298
0.0848169633927 301
0.0848369673935 306
0.0848569713943 290
0.0848769753951 308
0.0848969793959 284
0.0849169833967 287
0.0849369873975 301
0.0849569913983 306
0.0849769953991 326
0.0849969993999 282
0.0850170034007 320
0.0850370074015 299
0.0850570114023 291
0.0850770154031 305
0.0850970194039 264
0.0851170234047 273
0.0851370274055 279
0.0851570314063 279
0.0851770354071 307
0.0851970394079 290
0.0852170434087 332
0.0852370474095 266
0.0852570514103 300
0.0852770554111 308
0.0852970594119 294
0.0853170634127 295
0.0853370674135 299
0.0853570714143 300
0.0853770754151 296
0.0853970794159 294
0.0854170834167 295
0.0854370874175 295
0.0854570914183 322
0.0854770954191 311
0.0854970994199 303
0.0855171034207 331
0.0855371074215 286
0.0855571114223 301
0.0855771154231 269
0.0855971194239 308
0.0856171234247 303
0.0856371274255 304
0.0856571314263 290
0.0856771354271 312
0.0856971394279 262
0.0857171434287 306
0.0857371474295 283
0.0857571514303 314
0.0857771554311 300
0.0857971594319 313
0.0858171634327 303
0.0858371674335 294
0.0858571714343 331
0.0858771754351 280
0.0858971794359 309
0.0859171834367 322
0.0859371874375 297
0.0859571914383 304
0.0859771954391 325
0.0859971994399 279
0.0860172034407 298
0.0860372074415 274
0.0860572114423 315
0.0860772154431 304
0.0860972194439 292
0.0861172234447 320
0.0861372274455 289
0.0861572314463 335
0.0861772354471 290
0.0861972394479 320
0.0862172434487 258
0.0862372474495 304
0.0862572514503 280
0.0862772554511 337
0.0862972594519 312
0.0863172634527 297
0.0863372674535 325
0.0863572714543 284
0.0863772754551 262
0.0863972794559 308
0.0864172834567 300
0.0864372874575 301
0.0864572914583 287
0.0864772954591 319
0.0864972994599 294
0.0865173034607 292
0.0865373074615 311
0.0865573114623 319
0.0865773154631 309
0.0865973194639 322
0.0866173234647 285
0.0866373274655 337
0.0866573314663 290
0.0866773354671 312
0.0866973394679 303
0.0867173434687 291
0.0867373474695 307
0.0867573514703 286
0.0867773554711 292
0.0867973594719 284
0.0868173634727 326
0.0868373674735 295
0.0868573714743 274
0.0868773754751 303
0.0868973794759 313
0.0869173834767 291
0.0869373874775 314
0.0869573914783 304
0.0869773954791 307
0.0869973994799 328
0.0870174034807 333
0.0870374074815 312
0.0870574114823 302
0.0870774154831 304
0.0870974194839 297
0.0871174234847 312
0.0871374274855 294
0.0871574314863 283
0.0871774354871 274
0.0871974394879 292
0.0872174434887 278
0.0872374474895 276
0.0872574514903 292
0.0872774554911 282
0.0872974594919 312
0.0873174634927 312
0.0873374674935 278
0.0873574714943 309
0.0873774754951 337
0.0873974794959 332
0.0874174834967 325
0.0874374874975 299
0.0874574914983 318
0.0874774954991 307
0.0874974994999 304
0.0875175035007 317
0.0875375075015 315
0.0875575115023 304
0.0875775155031 333
0.0875975195039 290
0.0876175235047 304
0.0876375275055 334
0.0876575315063 335
0.0876775355071 312
0.0876975395079 316
0.0877175435087 294
0.0877375475095 329
0.0877575515103 293
0.0877775555111 292
0.0877975595119 306
0.0878175635127 304
0.0878375675135 305
0.0878575715143 311
0.0878775755151 302
0.0878975795159 309
0.0879175835167 318
0.0879375875175 344
0.0879575915183 305
0.0879775955191 332
0.0879975995199 303
0.0880176035207 297
0.0880376075215 271
0.0880576115223 318
0.0880776155231 273
0.0880976195239 323
0.0881176235247 310
0.0881376275255 337
0.0881576315263 299
0.0881776355271 329
0.0881976395279 338
0.0882176435287 305
0.0882376475295 325
0.0882576515303 355
0.0882776555311 300
0.0882976595319 309
0.0883176635327 330
0.0883376675335 309
0.0883576715343 294
0.0883776755351 299
0.0883976795359 306
0.0884176835367 317
0.0884376875375 329
0.0884576915383 332
0.0884776955391 349
0.0884976995399 287
0.0885177035407 269
0.0885377075415 308
0.0885577115423 318
0.0885777155431 314
0.0885977195439 333
0.0886177235447 327
0.0886377275455 287
0.0886577315463 361
0.0886777355471 288
0.0886977395479 328
0.0887177435487 315
0.0887377475495 309
0.0887577515503 296
0.0887777555511 328
0.0887977595519 301
0.0888177635527 326
0.0888377675535 297
0.0888577715543 293
0.0888777755551 341
0.0888977795559 314
0.0889177835567 324
0.0889377875575 314
0.0889577915583 324
0.0889777955591 356
0.0889977995599 310
0.0890178035607 286
0.0890378075615 288
0.0890578115623 330
0.0890778155631 287
0.0890978195639 329
0.0891178235647 308
0.0891378275655 306
0.0891578315663 294
0.0891778355671 279
0.0891978395679 336
0.0892178435687 307
0.0892378475695 327
0.0892578515703 312
0.0892778555711 328
0.0892978595719 331
0.0893178635727 312
0.0893378675735 316
0.0893578715743 297
0.0893778755751 319
0.0893978795759 329
0.0894178835767 353
0.0894378875775 313
0.0894578915783 300
0.0894778955791 314
0.0894978995799 318
0.0895179035807 321
0.0895379075815 303
0.0895579115823 305
0.0895779155831 313
0.0895979195839 289
0.0896179235847 329
0.0896379275855 318
0.0896579315863 306
0.0896779355871 337
0.0896979395879 298
0.0897179435887 311
0.0897379475895 292
0.0897579515903 301
0.0897779555911 302
0.0897979595919 320
0.0898179635927 282
0.0898379675935 347
0.0898579715943 296
0.0898779755951 331
0.0898979795959 250
0.0899179835967 359
0.0899379875975 308
0.0899579915983 302
0.0899779955991 321
0.0899979995999 308
0.0900180036007 309
0.0900380076015 330
0.0900580116023 305
0.0900780156031 285
0.0900980196039 328
0.0901180236047 304
0.0901380276055 341
0.0901580316063 330
0.0901780356071 313
0.0901980396079 312
0.0902180436087 312
0.0902380476095 307
0.0902580516103 317
0.0902780556111 328
0.0902980596119 326
0.0903180636127 316
0.0903380676135 298
0.0903580716143 302
0.0903780756151 326
0.0903980796159 329
0.0904180836167 307
0.0904380876175 324
0.0904580916183 310
0.0904780956191 313
0.0904980996199 329
0.0905181036207 302
0.0905381076215 307
0.0905581116223 297
0.0905781156231 329
0.0905981196239 297
0.0906181236247 316
0.0906381276255 326
0.0906581316263 294
0.0906781356271 311
0.0906981396279 311
0.0907181436287 286
0.0907381476295 315
0.0907581516303 348
0.0907781556311 326
0.0907981596319 319
0.0908181636327 325
0.0908381676335 314
0.0908581716343 346
0.0908781756351 338
0.0908981796359 306
0.0909181836367 346
0.0909381876375 299
0.0909581916383 309
0.0909781956391 325
0.0909981996399 354
0.0910182036407 302
0.0910382076415 342
0.0910582116423 325
0.0910782156431 278
0.0910982196439 320
0.0911182236447 326
0.0911382276455 337
0.0911582316463 321
0.0911782356471 332
0.0911982396479 342
0.0912182436487 311
0.0912382476495 301
0.0912582516503 321
0.0912782556511 365
0.0912982596519 334
0.0913182636527 335
0.0913382676535 341
0.0913582716543 344
0.0913782756551 348
0.0913982796559 302
0.0914182836567 358
0.0914382876575 340
0.0914582916583 331
0.0914782956591 344
0.0914982996599 318
0.0915183036607 317
0.0915383076615 313
0.0915583116623 337
0.0915783156631 321
0.0915983196639 340
0.0916183236647 332
0.0916383276655 368
0.0916583316663 317
0.0916783356671 289
0.0916983396679 304
0.0917183436687 353
0.0917383476695 357
0.0917583516703 300
0.0917783556711 319
0.0917983596719 317
0.0918183636727 332
0.0918383676735 348
0.0918583716743 353
0.0918783756751 322
0.0918983796759 325
0.0919183836767 332
0.0919383876775 314
0.0919583916783 347
0.0919783956791 338
0.0919983996799 328
0.0920184036807 352
0.0920384076815 336
0.0920584116823 331
0.0920784156831 344
0.0920984196839 329
0.0921184236847 314
0.0921384276855 312
0.0921584316863 348
0.0921784356871 315
0.0921984396879 326
0.0922184436887 313
0.0922384476895 359
0.0922584516903 306
0.0922784556911 320
0.0922984596919 331
0.0923184636927 358
0.0923384676935 329
0.0923584716943 317
0.0923784756951 303
0.0923984796959 320
0.0924184836967 323
0.0924384876975 327
0.0924584916983 308
0.0924784956991 335
0.0924984996999 324
0.0925185037007 320
0.0925385077015 307
0.0925585117023 336
0.0925785157031 329
0.0925985197039 289
0.0926185237047 320
0.0926385277055 347
0.0926585317063 321
0.0926785357071 349
0.0926985397079 317
0.0927185437087 319
0.0927385477095 314
0.0927585517103 337
0.0927785557111 282
0.0927985597119 329
0.0928185637127 317
0.0928385677135 324
0.0928585717143 360
0.0928785757151 336
0.0928985797159 319
0.0929185837167 332
0.0929385877175 327
0.0929585917183 322
0.0929785957191 310
0.0929985997199 336
0.0930186037207 323
0.0930386077215 299
0.0930586117223 313
0.0930786157231 318
0.0930986197239 323
0.0931186237247 275
0.0931386277255 335
0.0931586317263 316
0.0931786357271 362
0.0931986397279 349
0.0932186437287 365
0.0932386477295 328
0.0932586517303 340
0.0932786557311 328
0.0932986597319 334
0.0933186637327 284
0.0933386677335 328
0.0933586717343 334
0.0933786757351 300
0.0933986797359 348
0.0934186837367 361
0.0934386877375 328
0.0934586917383 329
0.0934786957391 354
0.0934986997399 336
0.0935187037407 344
0.0935387077415 358
0.0935587117423 331
0.0935787157431 364
0.0935987197439 309
0.0936187237447 331
0.0936387277455 405
0.0936587317463 323
0.0936787357471 332
0.0936987397479 320
0.0937187437487 380
0.0937387477495 344
0.0937587517504 331
0.0937787557512 329
0.093798759752 352
0.0938187637528 359
0.0938387677536 338
0.0938587717544 338
0.0938787757552 334
0.093898779756 337
0.0939187837568 331
0.0939387877576 326
0.0939587917584 359
0.0939787957592 328
0.09399879976 358
0.0940188037608 331
0.0940388077616 339
0.0940588117624 413
0.0940788157632 342
0.094098819764 319
0.0941188237648 319
0.0941388277656 336
0.0941588317664 321
0.0941788357672 386
0.094198839768 323
0.0942188437688 314
0.0942388477696 338
0.0942588517704 322
0.0942788557712 354
0.094298859772 313
0.0943188637728 328
0.0943388677736 337
0.0943588717744 335
0.0943788757752 350
0.094398879776 353
0.0944188837768 335
0.0944388877776 350
0.0944588917784 356
0.0944788957792 334
0.09449889978 340
0.0945189037808 358
0.0945389077816 331
0.0945589117824 320
0.0945789157832 302
0.094598919784 354
0.0946189237848 350
0.0946389277856 364
0.0946589317864 319
0.0946789357872 319
0.094698939788 323
0.0947189437888 328
0.0947389477896 356
0.0947589517904 341
0.0947789557912 341
0.094798959792 341
0.0948189637928 356
0.0948389677936 350
0.0948589717944 320
0.0948789757952 326
0.094898979796 322
0.0949189837968 321
0.0949389877976 330
0.0949589917984 336
0.0949789957992 323
0.0949989998 322
0.0950190038008 343
0.0950390078016 383
0.0950590118024 328
0.0950790158032 349
0.095099019804 299
0.0951190238048 351
0.0951390278056 346
0.0951590318064 329
0.0951790358072 349
0.095199039808 339
0.0952190438088 360
0.0952390478096 348
0.0952590518104 327
0.0952790558112 306
0.095299059812 342
0.0953190638128 336
0.0953390678136 358
0.0953590718144 399
0.0953790758152 365
0.095399079816 328
0.0954190838168 338
0.0954390878176 355
0.0954590918184 321
0.0954790958192 359
0.09549909982 333
0.0955191038208 330
0.0955391078216 354
0.0955591118224 322
0.0955791158232 354
0.095599119824 313
0.0956191238248 386
0.0956391278256 343
0.0956591318264 372
0.0956791358272 344
0.095699139828 337
0.0957191438288 331
0.0957391478296 345
0.0957591518304 335
0.0957791558312 353
0.095799159832 320
0.0958191638328 374
0.0958391678336 340
0.0958591718344 371
0.0958791758352 329
0.095899179836 357
0.0959191838368 347
0.0959391878376 292
0.0959591918384 362
0.0959791958392 347
0.09599919984 372
0.0960192038408 377
0.0960392078416 340
0.0960592118424 361
0.0960792158432 370
0.096099219844 353
0.0961192238448 350
0.0961392278456 353
0.0961592318464 327
0.0961792358472 328
0.096199239848 347
0.0962192438488 330
0.0962392478496 350
0.0962592518504 335
0.0962792558512 373
0.096299259852 346
0.0963192638528 333
0.0963392678536 345
0.0963592718544 356
0.0963792758552 337
0.096399279856 317
0.0964192838568 338
0.0964392878576 352
0.0964592918584 330
0.0964792958592 338
0.09649929986 292
0.0965193038608 348
0.0965393078616 362
0.0965593118624 368
0.0965793158632 353
0.096599319864 316
0.0966193238648 300
0.0966393278656 340
0.0966593318664 348
0.0966793358672 324
0.096699339868 342
0.0967193438688 343
0.0967393478696 342
0.0967593518704 337
0.0967793558712 348
0.096799359872 339
0.0968193638728 342
0.0968393678736 330
0.0968593718744 338
0.0968793758752 335
0.096899379876 348
0.0969193838768 346
0.0969393878776 331
0.0969593918784 326
0.0969793958792 343
0.09699939988 344
0.0970194038808 332
0.0970394078816 335
0.0970594118824 319
0.0970794158832 328
0.097099419884 359
0.0971194238848 336
0.0971394278856 333
0.0971594318864 356
0.0971794358872 345
0.097199439888 329
0.0972194438888 373
0.0972394478896 361
0.0972594518904 358
0.0972794558912 354
0.097299459892 351
0.0973194638928 320
0.0973394678936 355
0.0973594718944 345
0.0973794758952 352
0.097399479896 359
0.0974194838968 354
0.0974394878976 310
0.0974594918984 353
0.0974794958992 367
0.0974994999 329
0.0975195039008 369
0.0975395079016 352
0.0975595119024 355
0.0975795159032 351
0.097599519904 338
0.0976195239048 366
0.0976395279056 367
0.0976595319064 381
0.0976795359072 350
0.097699539908 372
0.0977195439088 323
0.0977395479096 337
0.0977595519104 381
0.0977795559112 325
0.097799559912 360
0.0978195639128 361
0.0978395679136 359
0.0978595719144 388
0.0978795759152 323
0.097899579916 313
0.0979195839168 350
0.0979395879176 335
0.0979595919184 354
0.0979795959192 345
0.09799959992 351
0.0980196039208 328
0.0980396079216 371
0.0980596119224 345
0.0980796159232 338
0.098099619924 327
0.0981196239248 373
0.0981396279256 337
0.0981596319264 362
0.0981796359272 344
0.098199639928 337
0.0982196439288 342
0.0982396479296 357
0.0982596519304 394
0.0982796559312 361
0.098299659932 373
0.0983196639328 341
0.0983396679336 328
0.0983596719344 345
0.0983796759352 347
0.098399679936 330
0.0984196839368 335
0.0984396879376 357
0.0984596919384 373
0.0984796959392 380
0.09849969994 383
0.0985197039408 336
0.0985397079416 367
0.0985597119424 340
0.0985797159432 341
0.098599719944 350
0.0986197239448 330
0.0986397279456 376
0.0986597319464 358
0.0986797359472 343
0.098699739948 355
0.0987197439488 362
0.0987397479496 361
0.0987597519504 314
0.0987797559512 348
0.098799759952 341
0.0988197639528 350
0.0988397679536 366
0.0988597719544 354
0.0988797759552 351
0.098899779956 334
0.0989197839568 328
0.0989397879576 374
0.0989597919584 366
0.0989797959592 353
0.09899979996 332
0.0990198039608 345
0.0990398079616 377
0.0990598119624 352
0.0990798159632 357
0.099099819964 358
0.0991198239648 359
0.0991398279656 355
0.0991598319664 392
0.0991798359672 347
0.099199839968 340
0.0992198439688 343
0.0992398479696 345
0.0992598519704 357
0.0992798559712 350
0.099299859972 354
0.0993198639728 355
0.0993398679736 311
0.0993598719744 360
0.0993798759752 333
0.099399879976 335
0.0994198839768 352
0.0994398879776 365
0.0994598919784 343
0.0994798959792 369
0.09949989998 348
0.0995199039808 349
0.0995399079816 356
0.0995599119824 351
0.0995799159832 348
0.099599919984 358
0.0996199239848 364
0.0996399279856 347
0.0996599319864 366
0.0996799359872 377
0.099699939988 339
0.0997199439888 377
0.0997399479896 383
0.0997599519904 354
0.0997799559912 364
0.099799959992 378
0.0998199639928 371
0.0998399679936 402
0.0998599719944 335
0.0998799759952 371
0.099899979996 341
0.0999199839968 324
0.0999399879976 344
0.0999599919984 375
0.0999799959992 386
0.1 365
