0.0 13
0.00644747119857 17
0.0128949423971 11
0.0193424135957 14
0.0257898847943 8
0.0322373559929 11
0.0386848271914 13
0.04513229839 15
0.0515797695886 8
0.0580272407872 11
0.0644747119857 14
0.0709221831843 17
0.0773696543829 18
0.0838171255815 11
0.09026459678 19
0.0967120679786 15
0.103159539177 19
0.109607010376 14
0.116054481574 18
0.122501952773 13
0.128949423971 19
0.13539689517 14
0.141844366369 15
0.148291837567 21
0.154739308766 9
0.161186779964 17
0.167634251163 14
0.174081722361 11
0.18052919356 17
0.186976664759 13
0.193424135957 15
0.199871607156 10
0.206319078354 10
0.212766549553 20
0.219214020751 19
0.22566149195 18
0.232108963149 15
0.238556434347 18
0.245003905546 18
0.251451376744 20
0.257898847943 16
0.264346319142 15
0.27079379034 16
0.277241261539 21
0.283688732737 17
0.290136203936 11
0.296583675134 22
0.303031146333 23
0.309478617532 27
0.31592608873 16
0.322373559929 27
0.328821031127 20
0.335268502326 27
0.341715973524 25
0.348163444723 19
0.354610915922 25
0.36105838712 29
0.367505858319 24
0.373953329517 25
0.380400800716 45
0.386848271914 47
0.393295743113 37
0.399743214312 48
0.40619068551 48
0.412638156709 39
0.419085627907 40
0.425533099106 54
0.431980570304 58
0.438428041503 55
0.444875512702 55
0.4513229839 57
0.457770455099 54
0.464217926297 53
0.470665397496 47
0.477112868694 80
0.483560339893 60
0.490007811092 69
0.49645528229 73
0.502902753489 73
0.509350224687 75
0.515797695886 75
0.522245167084 98
0.528692638283 94
0.535140109482 81
0.54158758068 88
0.548035051879 97
0.554482523077 106
0.560929994276 92
0.567377465474 107
0.573824936673 104
0.580272407872 131
0.58671987907 89
0.593167350269 116
0.599614821467 125
0.606062292666 133
0.612509763864 133
0.618957235063 145
0.625404706262 152
0.63185217746 167
0.638299648659 137
0.644747119857 134
0.651194591056 138
0.657642062254 160
0.664089533453 123
0.670537004652 147
0.67698447585 128
0.683431947049 169
0.689879418247 164
0.696326889446 172
0.702774360644 149
0.709221831843 152
0.715669303042 181
0.72211677424 175
0.728564245439 194
0.735011716637 188
0.741459187836 202
0.747906659034 198
0.754354130233 212
0.760801601432 213
0.76724907263 208
0.773696543829 205
0.780144015027 218
0.786591486226 201
0.793038957425 190
0.799486428623 200
0.805933899822 204
0.81238137102 198
0.818828842219 202
0.825276313417 174
0.831723784616 204
0.838171255815 193
0.844618727013 214
0.851066198212 202
0.85751366941 233
0.863961140609 206
0.870408611807 226
0.876856083006 200
0.883303554205 229
0.889751025403 218
0.896198496602 214
0.9026459678 215
0.909093438999 197
0.915540910197 206
0.921988381396 187
0.928435852595 191
0.934883323793 192
0.941330794992 189
0.94777826619 166
0.954225737389 196
0.960673208587 165
0.967120679786 170
0.973568150985 186
0.980015622183 148
0.986463093382 159
0.99291056458 191
0.999358035779 183
1.00580550698 171
1.01225297818 169
1.01870044937 139
1.02514792057 184
1.03159539177 161
1.03804286297 182
1.04449033417 193
1.05093780537 180
1.05738527657 181
1.06383274776 168
1.07028021896 156
1.07672769016 168
1.08317516136 151
1.08962263256 142
1.09607010376 147
1.10251757496 190
1.10896504615 115
1.11541251735 160
1.12185998855 112
1.12830745975 128
1.13475493095 131
1.14120240215 139
1.14764987335 106
1.15409734454 115
1.16054481574 95
1.16699228694 100
1.17343975814 111
1.17988722934 90
1.18633470054 90
1.19278217174 74
1.19922964293 88
1.20567711413 89
1.21212458533 86
1.21857205653 71
1.22501952773 76
1.23146699893 85
1.23791447013 74
1.24436194132 82
1.25080941252 45
1.25725688372 52
1.26370435492 49
1.27015182612 48
1.27659929732 43
1.28304676852 33
1.28949423971 26
1.29594171091 19
1.30238918211 30
1.30883665331 24
1.31528412451 28
1.32173159571 18
1.32817906691 12
1.3346265381 15
1.3410740093 16
1.3475214805 39
1.3539689517 28
1.3604164229 49
1.3668638941 64
1.3733113653 89
1.37975883649 90
1.38620630769 98
1.39265377889 106
1.39910125009 114
1.40554872129 134
1.41199619249 135
1.41844366369 127
1.42489113488 147
1.43133860608 141
1.43778607728 173
1.44423354848 173
1.45068101968 173
1.45712849088 149
1.46357596208 153
1.47002343327 146
1.47647090447 161
1.48291837567 166
1.48936584687 178
1.49581331807 182
1.50226078927 195
1.50870826047 211
1.51515573166 202
1.52160320286 197
1.52805067406 202
1.53449814526 218
1.54094561646 176
1.54739308766 147
1.55384055886 143
1.56028803005 193
1.56673550125 175
1.57318297245 147
1.57963044365 172
1.58607791485 158
1.59252538605 167
1.59897285725 190
1.60542032844 189
1.61186779964 172
1.61831527084 152
1.62476274204 180
1.63121021324 188
1.63765768444 181
1.64410515564 154
1.65055262683 183
1.65700009803 179
1.66344756923 151
1.66989504043 179
1.67634251163 148
1.68278998283 186
1.68923745403 147
1.69568492522 179
1.70213239642 178
1.70857986762 137
1.71502733882 156
1.72147481002 136
1.72792228122 144
1.73436975242 136
1.74081722361 149
1.74726469481 136
1.75371216601 149
1.76015963721 122
1.76660710841 118
1.77305457961 136
1.77950205081 126
1.785949522 143
1.7923969932 134
1.7988444644 120
1.8052919356 128
1.8117394068 126
1.818186878 113
1.8246343492 113
1.83108182039 133
1.83752929159 92
1.84397676279 110
1.85042423399 118
1.85687170519 84
1.86331917639 92
1.86976664759 80
1.87621411878 108
1.88266158998 102
1.88910906118 108
1.89555653238 99
1.90200400358 127
1.90845147478 139
1.91489894598 105
1.92134641717 111
1.92779388837 111
1.93424135957 117
1.94068883077 122
1.94713630197 117
1.95358377317 126
1.96003124437 109
1.96647871556 86
1.97292618676 87
1.97937365796 96
1.98582112916 107
1.99226860036 92
1.99871607156 98
2.00516354276 99
2.01161101395 119
2.01805848515 119
2.02450595635 123
2.03095342755 117
2.03740089875 118
2.04384836995 136
2.05029584115 119
2.05674331234 93
2.06319078354 99
2.06963825474 97
2.07608572594 103
2.08253319714 72
2.08898066834 64
2.09542813954 77
2.10187561073 85
2.10832308193 76
2.11477055313 75
2.12121802433 72
2.12766549553 58
2.13411296673 36
2.14056043793 51
2.14700790912 43
2.15345538032 21
2.15990285152 16
2.16635032272 16
2.17279779392 10
2.17924526512 5
2.18569273632 2
2.19214020751 4
2.19858767871 14
2.20503514991 16
2.21148262111 20
2.21793009231 21
2.22437756351 17
2.23082503471 33
2.2372725059 18
2.2437199771 33
2.2501674483 23
2.2566149195 24
2.2630623907 33
2.2695098619 19
2.2759573331 27
2.28240480429 23
2.28885227549 15
2.29529974669 21
2.30174721789 13
2.30819468909 20
2.31464216029 21
2.32108963149 18
2.32753710268 22
2.33398457388 22
2.34043204508 19
2.34687951628 14
2.35332698748 18
2.35977445868 19
2.36622192988 16
2.37266940107 14
2.37911687227 20
2.38556434347 19
2.39201181467 22
2.39845928587 20
2.40490675707 16
2.41135422827 22
2.41780169946 18
2.42424917066 15
2.43069664186 19
2.43714411306 14
2.44359158426 18
2.45003905546 15
2.45648652666 22
2.46293399785 10
2.46938146905 16
2.47582894025 11
2.48227641145 15
2.48872388265 13
2.49517135385 11
2.50161882505 12
2.50806629624 14
2.51451376744 10
2.52096123864 12
2.52740870984 7
2.53385618104 7
2.54030365224 13
2.54675112344 18
2.55319859464 26
2.55964606583 26
2.56609353703 21
2.57254100823 30
2.57898847943 31
2.58543595063 31
2.59188342183 29
2.59833089303 37
2.60477836422 27
2.61122583542 30
2.61767330662 29
2.62412077782 24
2.63056824902 33
2.63701572022 22
2.64346319142 23
2.64991066261 38
2.65635813381 38
2.66280560501 30
2.66925307621 27
2.67570054741 35
2.68214801861 34
2.68859548981 41
2.695042961 28
2.7014904322 38
2.7079379034 20
2.7143853746 30
2.7208328458 33
2.727280317 33
2.7337277882 38
2.74017525939 39
2.74662273059 37
2.75307020179 47
2.75951767299 31
2.76596514419 42
2.77241261539 33
2.77886008659 37
2.78530755778 46
2.79175502898 40
2.79820250018 51
2.80464997138 52
2.81109744258 44
2.81754491378 43
2.82399238498 44
2.83043985617 46
2.83688732737 29
2.84333479857 45
2.84978226977 48
2.85622974097 46
2.86267721217 40
2.86912468337 40
2.87557215456 56
2.88201962576 39
2.88846709696 58
2.89491456816 39
2.90136203936 41
2.90780951056 51
2.91425698176 45
2.92070445295 47
2.92715192415 43
2.93359939535 38
2.94004686655 48
2.94649433775 57
2.95294180895 41
2.95938928015 31
2.96583675134 51
2.97228422254 30
2.97873169374 41
2.98517916494 38
2.99162663614 41
2.99807410734 38
3.00452157854 48
3.01096904973 50
3.01741652093 38
3.02386399213 36
3.03031146333 31
3.03675893453 33
3.04320640573 31
3.04965387693 27
3.05610134812 37
3.06254881932 48
3.06899629052 25
3.07544376172 36
3.08189123292 43
3.08833870412 37
3.09478617532 35
3.10123364651 24
3.10768111771 29
3.11412858891 30
3.12057606011 25
3.12702353131 27
3.13347100251 31
3.13991847371 19
3.1463659449 13
3.1528134161 26
3.1592608873 29
3.1657083585 20
3.1721558297 16
3.1786033009 20
3.1850507721 17
3.19149824329 11
3.19794571449 11
3.20439318569 10
3.21084065689 16
3.21728812809 7
