-0.1 107
-0.0989898989899 111
-0.0979797979798 102
-0.0969696969697 105
-0.0959595959596 119
-0.0949494949495 102
-0.0939393939394 94
-0.0929292929293 107
-0.0919191919192 94
-0.0909090909091 110
-0.089898989899 92
-0.0888888888889 89
-0.0878787878788 89
-0.0868686868687 91
-0.0858585858586 77
-0.0848484848485 92
-0.0838383838384 103
-0.0828282828283 97
-0.0818181818182 83
-0.0808080808081 93
-0.079797979798 75
-0.0787878787879 80
-0.0777777777778 95
-0.0767676767677 55
-0.0757575757576 84
-0.0747474747475 71
-0.0737373737374 66
-0.0727272727273 57
-0.0717171717172 65
-0.0707070707071 61
-0.069696969697 55
-0.0686868686869 65
-0.0676767676768 59
-0.0666666666667 72
-0.0656565656566 66
-0.0646464646465 86
-0.0636363636364 67
-0.0626262626263 62
-0.0616161616162 60
-0.0606060606061 74
-0.059595959596 68
-0.0585858585859 67
-0.0575757575758 60
-0.0565656565657 78
-0.0555555555556 75
-0.0545454545455 72
-0.0535353535354 56
-0.0525252525253 59
-0.0515151515152 84
-0.0505050505051 78
-0.0494949494949 71
-0.0484848484848 78
-0.0474747474747 66
-0.0464646464646 70
-0.0454545454545 67
-0.0444444444444 67
-0.0434343434343 83
-0.0424242424242 79
-0.0414141414141 92
-0.040404040404 77
-0.0393939393939 84
-0.0383838383838 82
-0.0373737373737 73
-0.0363636363636 90
-0.0353535353535 81
-0.0343434343434 93
-0.0333333333333 96
-0.0323232323232 97
-0.0313131313131 80
-0.030303030303 86
-0.0292929292929 90
-0.0282828282828 93
-0.0272727272727 100
-0.0262626262626 118
-0.0252525252525 110
-0.0242424242424 85
-0.0232323232323 84
-0.0222222222222 104
-0.0212121212121 104
-0.020202020202 85
-0.0191919191919 100
-0.0181818181818 104
-0.0171717171717 91
-0.0161616161616 97
-0.0151515151515 97
-0.0141414141414 99
-0.0131313131313 88
-0.0121212121212 101
-0.0111111111111 126
-0.010101010101 102
-0.00909090909091 107
-0.00808080808081 97
-0.00707070707071 91
-0.00606060606061 82
-0.00505050505051 83
-0.0040404040404 75
-0.0030303030303 64
-0.0020202020202 43
-0.0010101010101 28
0.0 45
0.0010101010101 28
0.0020202020202 43
0.0030303030303 64
0.0040404040404 75
0.00505050505051 83
0.00606060606061 82
0.00707070707071 91
0.00808080808081 97
0.00909090909091 107
0.010101010101 102
0.0111111111111 126
0.0121212121212 101
0.0131313131313 88
0.0141414141414 99
0.0151515151515 97
0.0161616161616 97
0.0171717171717 91
0.0181818181818 104
0.0191919191919 100
0.020202020202 85
0.0212121212121 104
0.0222222222222 104
0.0232323232323 84
0.0242424242424 85
0.0252525252525 110
0.0262626262626 118
0.0272727272727 100
0.0282828282828 93
0.0292929292929 90
0.030303030303 86
0.0313131313131 80
0.0323232323232 97
0.0333333333333 96
0.0343434343434 93
0.0353535353535 81
0.0363636363636 90
0.0373737373737 73
0.0383838383838 82
0.0393939393939 84
0.040404040404 77
0.0414141414141 92
0.0424242424242 79
0.0434343434343 83
0.0444444444444 67
0.0454545454545 67
0.0464646464646 70
0.0474747474747 66
0.0484848484848 78
0.0494949494949 71
0.0505050505051 78
0.0515151515152 84
0.0525252525253 59
0.0535353535354 56
0.0545454545455 72
0.0555555555556 75
0.0565656565657 78
0.0575757575758 60
0.0585858585859 67
0.059595959596 68
0.0606060606061 74
0.0616161616162 60
0.0626262626263 62
0.0636363636364 67
0.0646464646465 86
0.0656565656566 66
0.0666666666667 72
0.0676767676768 59
0.0686868686869 65
0.069696969697 55
0.0707070707071 61
0.0717171717172 65
0.0727272727273 57
0.0737373737374 66
0.0747474747475 71
0.0757575757576 84
0.0767676767677 55
0.0777777777778 95
0.0787878787879 80
0.079797979798 75
0.0808080808081 93
0.0818181818182 83
0.0828282828283 97
0.0838383838384 103
0.0848484848485 92
0.0858585858586 77
0.0868686868687 91
0.0878787878788 89
0.0888888888889 89
0.089898989899 92
0.0909090909091 110
0.0919191919192 94
0.0929292929293 107
0.0939393939394 94
0.0949494949495 102
0.0959595959596 119
0.0969696969697 105
0.0979797979798 102
0.0989898989899 111
0.1 107
