-0.1 505
-0.0989898989899 527
-0.0979797979798 499
-0.0969696969697 527
-0.0959595959596 509
-0.0949494949495 515
-0.0939393939394 509
-0.0929292929293 518
-0.0919191919192 535
-0.0909090909091 503
-0.089898989899 537
-0.0888888888889 493
-0.0878787878788 483
-0.0868686868687 436
-0.0858585858586 438
-0.0848484848485 415
-0.0838383838384 466
-0.0828282828283 455
-0.0818181818182 400
-0.0808080808081 437
-0.079797979798 433
-0.0787878787879 404
-0.0777777777778 414
-0.0767676767677 419
-0.0757575757576 394
-0.0747474747475 380
-0.0737373737374 359
-0.0727272727273 352
-0.0717171717172 354
-0.0707070707071 339
-0.069696969697 342
-0.0686868686869 384
-0.0676767676768 328
-0.0666666666667 316
-0.0656565656566 356
-0.0646464646465 358
-0.0636363636364 356
-0.0626262626263 365
-0.0616161616162 345
-0.0606060606061 375
-0.059595959596 346
-0.0585858585859 356
-0.0575757575758 350
-0.0565656565657 362
-0.0555555555556 354
-0.0545454545455 351
-0.0535353535354 355
-0.0525252525253 373
-0.0515151515152 374
-0.0505050505051 342
-0.0494949494949 377
-0.0484848484848 347
-0.0474747474747 355
-0.0464646464646 406
-0.0454545454545 378
-0.0444444444444 359
-0.0434343434343 341
-0.0424242424242 335
-0.0414141414141 336
-0.040404040404 345
-0.0393939393939 352
-0.0383838383838 343
-0.0373737373737 332
-0.0363636363636 377
-0.0353535353535 355
-0.0343434343434 331
-0.0333333333333 353
-0.0323232323232 333
-0.0313131313131 317
-0.030303030303 345
-0.0292929292929 310
-0.0282828282828 328
-0.0272727272727 312
-0.0262626262626 309
-0.0252525252525 325
-0.0242424242424 303
-0.0232323232323 299
-0.0222222222222 294
-0.0212121212121 278
-0.020202020202 287
-0.0191919191919 291
-0.0181818181818 290
-0.0171717171717 282
-0.0161616161616 280
-0.0151515151515 271
-0.0141414141414 282
-0.0131313131313 258
-0.0121212121212 266
-0.0111111111111 271
-0.010101010101 253
-0.00909090909091 268
-0.00808080808081 234
-0.00707070707071 235
-0.00606060606061 206
-0.00505050505051 207
-0.0040404040404 171
-0.0030303030303 163
-0.0020202020202 146
-0.0010101010101 111
0.0 116
0.0010101010101 111
0.0020202020202 146
0.0030303030303 163
0.0040404040404 171
0.00505050505051 207
0.00606060606061 206
0.00707070707071 235
0.00808080808081 234
0.00909090909091 268
0.010101010101 253
0.0111111111111 271
0.0121212121212 266
0.0131313131313 258
0.0141414141414 282
0.0151515151515 271
0.0161616161616 280
0.0171717171717 282
0.0181818181818 290
0.0191919191919 291
0.020202020202 287
0.0212121212121 278
0.0222222222222 294
0.0232323232323 299
0.0242424242424 303
0.0252525252525 325
0.0262626262626 309
0.0272727272727 312
0.0282828282828 328
0.0292929292929 310
0.030303030303 345
0.0313131313131 317
0.0323232323232 333
0.0333333333333 353
0.0343434343434 331
0.0353535353535 355
0.0363636363636 377
0.0373737373737 332
0.0383838383838 343
0.0393939393939 352
0.040404040404 345
0.0414141414141 336
0.0424242424242 335
0.0434343434343 341
0.0444444444444 359
0.0454545454545 378
0.0464646464646 406
0.0474747474747 355
0.0484848484848 347
0.0494949494949 377
0.0505050505051 342
0.0515151515152 374
0.0525252525253 373
0.0535353535354 355
0.0545454545455 351
0.0555555555556 354
0.0565656565657 362
0.0575757575758 350
0.0585858585859 356
0.059595959596 346
0.0606060606061 375
0.0616161616162 345
0.0626262626263 365
0.0636363636364 356
0.0646464646465 358
0.0656565656566 356
0.0666666666667 316
0.0676767676768 328
0.0686868686869 384
0.069696969697 342
0.0707070707071 339
0.0717171717172 354
0.0727272727273 352
0.0737373737374 359
0.0747474747475 380
0.0757575757576 394
0.0767676767677 419
0.0777777777778 414
0.0787878787879 404
0.079797979798 433
0.0808080808081 437
0.0818181818182 400
0.0828282828283 455
0.0838383838384 466
0.0848484848485 415
0.0858585858586 438
0.0868686868687 436
0.0878787878788 483
0.0888888888889 493
0.089898989899 537
0.0909090909091 503
0.0919191919192 535
0.0929292929293 518
0.0939393939394 509
0.0949494949495 515
0.0959595959596 509
0.0969696969697 527
0.0979797979798 499
0.0989898989899 527
0.1 505
