-0.1 44
-0.0989898989899 39
-0.0979797979798 38
-0.0969696969697 38
-0.0959595959596 39
-0.0949494949495 36
-0.0939393939394 45
-0.0929292929293 33
-0.0919191919192 40
-0.0909090909091 33
-0.089898989899 40
-0.0888888888889 36
-0.0878787878788 41
-0.0868686868687 38
-0.0858585858586 45
-0.0848484848485 26
-0.0838383838384 36
-0.0828282828283 42
-0.0818181818182 33
-0.0808080808081 31
-0.079797979798 36
-0.0787878787879 28
-0.0777777777778 29
-0.0767676767677 31
-0.0757575757576 31
-0.0747474747475 30
-0.0737373737374 26
-0.0727272727273 19
-0.0717171717172 20
-0.0707070707071 19
-0.069696969697 19
-0.0686868686869 19
-0.0676767676768 27
-0.0666666666667 20
-0.0656565656566 20
-0.0646464646465 21
-0.0636363636364 27
-0.0626262626263 15
-0.0616161616162 20
-0.0606060606061 35
-0.059595959596 39
-0.0585858585859 21
-0.0575757575758 21
-0.0565656565657 28
-0.0555555555556 23
-0.0545454545455 20
-0.0535353535354 21
-0.0525252525253 29
-0.0515151515152 33
-0.0505050505051 37
-0.0494949494949 28
-0.0484848484848 33
-0.0474747474747 20
-0.0464646464646 29
-0.0454545454545 34
-0.0444444444444 18
-0.0434343434343 30
-0.0424242424242 33
-0.0414141414141 35
-0.040404040404 38
-0.0393939393939 41
-0.0383838383838 38
-0.0373737373737 36
-0.0363636363636 36
-0.0353535353535 33
-0.0343434343434 36
-0.0333333333333 44
-0.0323232323232 40
-0.0313131313131 42
-0.030303030303 47
-0.0292929292929 42
-0.0282828282828 34
-0.0272727272727 39
-0.0262626262626 47
-0.0252525252525 52
-0.0242424242424 44
-0.0232323232323 45
-0.0222222222222 46
-0.0212121212121 40
-0.020202020202 38
-0.0191919191919 44
-0.0181818181818 33
-0.0171717171717 42
-0.0161616161616 32
-0.0151515151515 29
-0.0141414141414 38
-0.0131313131313 39
-0.0121212121212 30
-0.0111111111111 30
-0.010101010101 23
-0.00909090909091 28
-0.00808080808081 20
-0.00707070707071 14
-0.00606060606061 18
-0.00505050505051 26
-0.0040404040404 10
-0.0030303030303 8
-0.0020202020202 13
-0.0010101010101 16
0.0 8
0.0010101010101 16
0.0020202020202 13
0.0030303030303 8
0.0040404040404 10
0.00505050505051 26
0.00606060606061 18
0.00707070707071 14
0.00808080808081 20
0.00909090909091 28
0.010101010101 23
0.0111111111111 30
0.0121212121212 30
0.0131313131313 39
0.0141414141414 38
0.0151515151515 29
0.0161616161616 32
0.0171717171717 42
0.0181818181818 33
0.0191919191919 44
0.020202020202 38
0.0212121212121 40
0.0222222222222 46
0.0232323232323 45
0.0242424242424 44
0.0252525252525 52
0.0262626262626 47
0.0272727272727 39
0.0282828282828 34
0.0292929292929 42
0.030303030303 47
0.0313131313131 42
0.0323232323232 40
0.0333333333333 44
0.0343434343434 36
0.0353535353535 33
0.0363636363636 36
0.0373737373737 36
0.0383838383838 38
0.0393939393939 41
0.040404040404 38
0.0414141414141 35
0.0424242424242 33
0.0434343434343 30
0.0444444444444 18
0.0454545454545 34
0.0464646464646 29
0.0474747474747 20
0.0484848484848 33
0.0494949494949 28
0.0505050505051 37
0.0515151515152 33
0.0525252525253 29
0.0535353535354 21
0.0545454545455 20
0.0555555555556 23
0.0565656565657 28
0.0575757575758 21
0.0585858585859 21
0.059595959596 39
0.0606060606061 35
0.0616161616162 20
0.0626262626263 15
0.0636363636364 27
0.0646464646465 21
0.0656565656566 20
0.0666666666667 20
0.0676767676768 27
0.0686868686869 19
0.069696969697 19
0.0707070707071 19
0.0717171717172 20
0.0727272727273 19
0.0737373737374 26
0.0747474747475 30
0.0757575757576 31
0.0767676767677 31
0.0777777777778 29
0.0787878787879 28
0.079797979798 36
0.0808080808081 31
0.0818181818182 33
0.0828282828283 42
0.0838383838384 36
0.0848484848485 26
0.0858585858586 45
0.0868686868687 38
0.0878787878788 41
0.0888888888889 36
0.089898989899 40
0.0909090909091 33
0.0919191919192 40
0.0929292929293 33
0.0939393939394 45
0.0949494949495 36
0.0959595959596 39
0.0969696969697 38
0.0979797979798 38
0.0989898989899 39
0.1 44
