-0.1 272
-0.0989898989899 293
-0.0979797979798 275
-0.0969696969697 333
-0.0959595959596 287
-0.0949494949495 303
-0.0939393939394 281
-0.0929292929293 302
-0.0919191919192 314
-0.0909090909091 258
-0.089898989899 288
-0.0888888888889 288
-0.0878787878788 259
-0.0868686868687 255
-0.0858585858586 263
-0.0848484848485 254
-0.0838383838384 258
-0.0828282828283 261
-0.0818181818182 223
-0.0808080808081 249
-0.079797979798 267
-0.0787878787879 229
-0.0777777777778 231
-0.0767676767677 231
-0.0757575757576 219
-0.0747474747475 227
-0.0737373737374 182
-0.0727272727273 194
-0.0717171717172 169
-0.0707070707071 189
-0.069696969697 184
-0.0686868686869 177
-0.0676767676768 189
-0.0666666666667 203
-0.0656565656566 223
-0.0646464646465 200
-0.0636363636364 189
-0.0626262626263 183
-0.0616161616162 190
-0.0606060606061 214
-0.059595959596 231
-0.0585858585859 189
-0.0575757575758 199
-0.0565656565657 219
-0.0555555555556 226
-0.0545454545455 204
-0.0535353535354 202
-0.0525252525253 203
-0.0515151515152 192
-0.0505050505051 211
-0.0494949494949 202
-0.0484848484848 209
-0.0474747474747 202
-0.0464646464646 212
-0.0454545454545 255
-0.0444444444444 214
-0.0434343434343 237
-0.0424242424242 220
-0.0414141414141 209
-0.040404040404 219
-0.0393939393939 226
-0.0383838383838 198
-0.0373737373737 209
-0.0363636363636 231
-0.0353535353535 205
-0.0343434343434 188
-0.0333333333333 217
-0.0323232323232 214
-0.0313131313131 224
-0.030303030303 215
-0.0292929292929 227
-0.0282828282828 204
-0.0272727272727 230
-0.0262626262626 207
-0.0252525252525 182
-0.0242424242424 198
-0.0232323232323 190
-0.0222222222222 188
-0.0212121212121 189
-0.020202020202 187
-0.0191919191919 188
-0.0181818181818 171
-0.0171717171717 180
-0.0161616161616 178
-0.0151515151515 165
-0.0141414141414 183
-0.0131313131313 170
-0.0121212121212 168
-0.0111111111111 176
-0.010101010101 171
-0.00909090909091 185
-0.00808080808081 177
-0.00707070707071 175
-0.00606060606061 143
-0.00505050505051 149
-0.0040404040404 128
-0.0030303030303 106
-0.0020202020202 87
-0.0010101010101 81
0.0 65
0.0010101010101 81
0.0020202020202 87
0.0030303030303 106
0.0040404040404 128
0.00505050505051 149
0.00606060606061 143
0.00707070707071 175
0.00808080808081 177
0.00909090909091 185
0.010101010101 171
0.0111111111111 176
0.0121212121212 168
0.0131313131313 170
0.0141414141414 183
0.0151515151515 165
0.0161616161616 178
0.0171717171717 180
0.0181818181818 171
0.0191919191919 188
0.020202020202 187
0.0212121212121 189
0.0222222222222 188
0.0232323232323 190
0.0242424242424 198
0.0252525252525 182
0.0262626262626 207
0.0272727272727 230
0.0282828282828 204
0.0292929292929 227
0.030303030303 215
0.0313131313131 224
0.0323232323232 214
0.0333333333333 217
0.0343434343434 188
0.0353535353535 205
0.0363636363636 231
0.0373737373737 209
0.0383838383838 198
0.0393939393939 226
0.040404040404 219
0.0414141414141 209
0.0424242424242 220
0.0434343434343 237
0.0444444444444 214
0.0454545454545 255
0.0464646464646 212
0.0474747474747 202
0.0484848484848 209
0.0494949494949 202
0.0505050505051 211
0.0515151515152 192
0.0525252525253 203
0.0535353535354 202
0.0545454545455 204
0.0555555555556 226
0.0565656565657 219
0.0575757575758 199
0.0585858585859 189
0.059595959596 231
0.0606060606061 214
0.0616161616162 190
0.0626262626263 183
0.0636363636364 189
0.0646464646465 200
0.0656565656566 223
0.0666666666667 203
0.0676767676768 189
0.0686868686869 177
0.069696969697 184
0.0707070707071 189
0.0717171717172 169
0.0727272727273 194
0.0737373737374 182
0.0747474747475 227
0.0757575757576 219
0.0767676767677 231
0.0777777777778 231
0.0787878787879 229
0.079797979798 267
0.0808080808081 249
0.0818181818182 223
0.0828282828283 261
0.0838383838384 258
0.0848484848485 254
0.0858585858586 263
0.0868686868687 255
0.0878787878788 259
0.0888888888889 288
0.089898989899 288
0.0909090909091 258
0.0919191919192 314
0.0929292929293 302
0.0939393939394 281
0.0949494949495 303
0.0959595959596 287
0.0969696969697 333
0.0979797979798 275
0.0989898989899 293
0.1 272
