-0.1 233
-0.0989898989899 221
-0.0979797979798 218
-0.0969696969697 221
-0.0959595959596 242
-0.0949494949495 222
-0.0939393939394 239
-0.0929292929293 262
-0.0919191919192 276
-0.0909090909091 225
-0.089898989899 247
-0.0888888888889 241
-0.0878787878788 229
-0.0868686868687 211
-0.0858585858586 216
-0.0848484848485 184
-0.0838383838384 204
-0.0828282828283 194
-0.0818181818182 188
-0.0808080808081 177
-0.079797979798 185
-0.0787878787879 165
-0.0777777777778 154
-0.0767676767677 146
-0.0757575757576 200
-0.0747474747475 166
-0.0737373737374 145
-0.0727272727273 152
-0.0717171717172 140
-0.0707070707071 157
-0.069696969697 152
-0.0686868686869 141
-0.0676767676768 172
-0.0666666666667 141
-0.0656565656566 178
-0.0646464646465 152
-0.0636363636364 175
-0.0626262626263 174
-0.0616161616162 158
-0.0606060606061 164
-0.059595959596 153
-0.0585858585859 154
-0.0575757575758 170
-0.0565656565657 153
-0.0555555555556 158
-0.0545454545455 144
-0.0535353535354 166
-0.0525252525253 160
-0.0515151515152 176
-0.0505050505051 138
-0.0494949494949 173
-0.0484848484848 152
-0.0474747474747 162
-0.0464646464646 158
-0.0454545454545 166
-0.0444444444444 164
-0.0434343434343 157
-0.0424242424242 152
-0.0414141414141 151
-0.040404040404 133
-0.0393939393939 142
-0.0383838383838 142
-0.0373737373737 134
-0.0363636363636 137
-0.0353535353535 158
-0.0343434343434 143
-0.0333333333333 145
-0.0323232323232 144
-0.0313131313131 147
-0.030303030303 147
-0.0292929292929 143
-0.0282828282828 160
-0.0272727272727 129
-0.0262626262626 121
-0.0252525252525 147
-0.0242424242424 128
-0.0232323232323 140
-0.0222222222222 138
-0.0212121212121 140
-0.020202020202 118
-0.0191919191919 127
-0.0181818181818 129
-0.0171717171717 120
-0.0161616161616 137
-0.0151515151515 130
-0.0141414141414 126
-0.0131313131313 131
-0.0121212121212 116
-0.0111111111111 114
-0.010101010101 111
-0.00909090909091 108
-0.00808080808081 112
-0.00707070707071 106
-0.00606060606061 84
-0.00505050505051 100
-0.0040404040404 90
-0.0030303030303 79
-0.0020202020202 60
-0.0010101010101 49
0.0 60
0.0010101010101 49
0.0020202020202 60
0.0030303030303 79
0.0040404040404 90
0.00505050505051 100
0.00606060606061 84
0.00707070707071 106
0.00808080808081 112
0.00909090909091 108
0.010101010101 111
0.0111111111111 114
0.0121212121212 116
0.0131313131313 131
0.0141414141414 126
0.0151515151515 130
0.0161616161616 137
0.0171717171717 120
0.0181818181818 129
0.0191919191919 127
0.020202020202 118
0.0212121212121 140
0.0222222222222 138
0.0232323232323 140
0.0242424242424 128
0.0252525252525 147
0.0262626262626 121
0.0272727272727 129
0.0282828282828 160
0.0292929292929 143
0.030303030303 147
0.0313131313131 147
0.0323232323232 144
0.0333333333333 145
0.0343434343434 143
0.0353535353535 158
0.0363636363636 137
0.0373737373737 134
0.0383838383838 142
0.0393939393939 142
0.040404040404 133
0.0414141414141 151
0.0424242424242 152
0.0434343434343 157
0.0444444444444 164
0.0454545454545 166
0.0464646464646 158
0.0474747474747 162
0.0484848484848 152
0.0494949494949 173
0.0505050505051 138
0.0515151515152 176
0.0525252525253 160
0.0535353535354 166
0.0545454545455 144
0.0555555555556 158
0.0565656565657 153
0.0575757575758 170
0.0585858585859 154
0.059595959596 153
0.0606060606061 164
0.0616161616162 158
0.0626262626263 174
0.0636363636364 175
0.0646464646465 152
0.0656565656566 178
0.0666666666667 141
0.0676767676768 172
0.0686868686869 141
0.069696969697 152
0.0707070707071 157
0.0717171717172 140
0.0727272727273 152
0.0737373737374 145
0.0747474747475 166
0.0757575757576 200
0.0767676767677 146
0.0777777777778 154
0.0787878787879 165
0.079797979798 185
0.0808080808081 177
0.0818181818182 188
0.0828282828283 194
0.0838383838384 204
0.0848484848485 184
0.0858585858586 216
0.0868686868687 211
0.0878787878788 229
0.0888888888889 241
0.089898989899 247
0.0909090909091 225
0.0919191919192 276
0.0929292929293 262
0.0939393939394 239
0.0949494949495 222
0.0959595959596 242
0.0969696969697 221
0.0979797979798 218
0.0989898989899 221
0.1 233
