-0.1 36
-0.0989898989899 21
-0.0979797979798 25
-0.0969696969697 16
-0.0959595959596 29
-0.0949494949495 16
-0.0939393939394 23
-0.0929292929293 27
-0.0919191919192 29
-0.0909090909091 16
-0.089898989899 23
-0.0888888888889 24
-0.0878787878788 27
-0.0868686868687 18
-0.0858585858586 12
-0.0848484848485 17
-0.0838383838384 13
-0.0828282828283 26
-0.0818181818182 18
-0.0808080808081 23
-0.079797979798 19
-0.0787878787879 19
-0.0777777777778 20
-0.0767676767677 21
-0.0757575757576 14
-0.0747474747475 37
-0.0737373737374 18
-0.0727272727273 22
-0.0717171717172 19
-0.0707070707071 13
-0.069696969697 17
-0.0686868686869 14
-0.0676767676768 20
-0.0666666666667 24
-0.0656565656566 17
-0.0646464646465 20
-0.0636363636364 20
-0.0626262626263 16
-0.0616161616162 16
-0.0606060606061 10
-0.059595959596 17
-0.0585858585859 26
-0.0575757575758 18
-0.0565656565657 14
-0.0555555555556 21
-0.0545454545455 14
-0.0535353535354 21
-0.0525252525253 17
-0.0515151515152 19
-0.0505050505051 20
-0.0494949494949 19
-0.0484848484848 19
-0.0474747474747 20
-0.0464646464646 14
-0.0454545454545 10
-0.0444444444444 12
-0.0434343434343 20
-0.0424242424242 21
-0.0414141414141 14
-0.040404040404 23
-0.0393939393939 25
-0.0383838383838 19
-0.0373737373737 16
-0.0363636363636 14
-0.0353535353535 20
-0.0343434343434 12
-0.0333333333333 15
-0.0323232323232 16
-0.0313131313131 14
-0.030303030303 23
-0.0292929292929 16
-0.0282828282828 21
-0.0272727272727 22
-0.0262626262626 18
-0.0252525252525 21
-0.0242424242424 20
-0.0232323232323 9
-0.0222222222222 13
-0.0212121212121 15
-0.020202020202 16
-0.0191919191919 10
-0.0181818181818 9
-0.0171717171717 16
-0.0161616161616 15
-0.0151515151515 16
-0.0141414141414 16
-0.0131313131313 11
-0.0121212121212 16
-0.0111111111111 15
-0.010101010101 10
-0.00909090909091 8
-0.00808080808081 14
-0.00707070707071 10
-0.00606060606061 8
-0.00505050505051 11
-0.0040404040404 12
-0.0030303030303 6
-0.0020202020202 8
-0.0010101010101 20
0.0 8
0.0010101010101 20
0.0020202020202 8
0.0030303030303 6
0.0040404040404 12
0.00505050505051 11
0.00606060606061 8
0.00707070707071 10
0.00808080808081 14
0.00909090909091 8
0.010101010101 10
0.0111111111111 15
0.0121212121212 16
0.0131313131313 11
0.0141414141414 16
0.0151515151515 16
0.0161616161616 15
0.0171717171717 16
0.0181818181818 9
0.0191919191919 10
0.020202020202 16
0.0212121212121 15
0.0222222222222 13
0.0232323232323 9
0.0242424242424 20
0.0252525252525 21
0.0262626262626 18
0.0272727272727 22
0.0282828282828 21
0.0292929292929 16
0.030303030303 23
0.0313131313131 14
0.0323232323232 16
0.0333333333333 15
0.0343434343434 12
0.0353535353535 20
0.0363636363636 14
0.0373737373737 16
0.0383838383838 19
0.0393939393939 25
0.040404040404 23
0.0414141414141 14
0.0424242424242 21
0.0434343434343 20
0.0444444444444 12
0.0454545454545 10
0.0464646464646 14
0.0474747474747 20
0.0484848484848 19
0.0494949494949 19
0.0505050505051 20
0.0515151515152 19
0.0525252525253 17
0.0535353535354 21
0.0545454545455 14
0.0555555555556 21
0.0565656565657 14
0.0575757575758 18
0.0585858585859 26
0.059595959596 17
0.0606060606061 10
0.0616161616162 16
0.0626262626263 16
0.0636363636364 20
0.0646464646465 20
0.0656565656566 17
0.0666666666667 24
0.0676767676768 20
0.0686868686869 14
0.069696969697 17
0.0707070707071 13
0.0717171717172 19
0.0727272727273 22
0.0737373737374 18
0.0747474747475 37
0.0757575757576 14
0.0767676767677 21
0.0777777777778 20
0.0787878787879 19
0.079797979798 19
0.0808080808081 23
0.0818181818182 18
0.0828282828283 26
0.0838383838384 13
0.0848484848485 17
0.0858585858586 12
0.0868686868687 18
0.0878787878788 27
0.0888888888889 24
0.089898989899 23
0.0909090909091 16
0.0919191919192 29
0.0929292929293 27
0.0939393939394 23
0.0949494949495 16
0.0959595959596 29
0.0969696969697 16
0.0979797979798 25
0.0989898989899 21
0.1 36
