-0.1 120
-0.0989898989899 115
-0.0979797979798 119
-0.0969696969697 122
-0.0959595959596 110
-0.0949494949495 119
-0.0939393939394 107
-0.0929292929293 132
-0.0919191919192 127
-0.0909090909091 146
-0.089898989899 125
-0.0888888888889 119
-0.0878787878788 97
-0.0868686868687 109
-0.0858585858586 122
-0.0848484848485 135
-0.0838383838384 109
-0.0828282828283 112
-0.0818181818182 126
-0.0808080808081 125
-0.079797979798 130
-0.0787878787879 143
-0.0777777777778 128
-0.0767676767677 117
-0.0757575757576 120
-0.0747474747475 104
-0.0737373737374 144
-0.0727272727273 149
-0.0717171717172 135
-0.0707070707071 110
-0.069696969697 141
-0.0686868686869 132
-0.0676767676768 126
-0.0666666666667 130
-0.0656565656566 143
-0.0646464646465 136
-0.0636363636364 135
-0.0626262626263 118
-0.0616161616162 135
-0.0606060606061 125
-0.059595959596 136
-0.0585858585859 127
-0.0575757575758 122
-0.0565656565657 119
-0.0555555555556 123
-0.0545454545455 124
-0.0535353535354 116
-0.0525252525253 104
-0.0515151515152 131
-0.0505050505051 108
-0.0494949494949 104
-0.0484848484848 126
-0.0474747474747 120
-0.0464646464646 126
-0.0454545454545 133
-0.0444444444444 95
-0.0434343434343 91
-0.0424242424242 141
-0.0414141414141 140
-0.040404040404 117
-0.0393939393939 115
-0.0383838383838 139
-0.0373737373737 121
-0.0363636363636 122
-0.0353535353535 111
-0.0343434343434 127
-0.0333333333333 84
-0.0323232323232 110
-0.0313131313131 125
-0.030303030303 117
-0.0292929292929 114
-0.0282828282828 112
-0.0272727272727 105
-0.0262626262626 111
-0.0252525252525 118
-0.0242424242424 124
-0.0232323232323 115
-0.0222222222222 111
-0.0212121212121 86
-0.020202020202 120
-0.0191919191919 119
-0.0181818181818 97
-0.0171717171717 100
-0.0161616161616 104
-0.0151515151515 106
-0.0141414141414 114
-0.0131313131313 82
-0.0121212121212 102
-0.0111111111111 100
-0.010101010101 100
-0.00909090909091 94
-0.00808080808081 92
-0.00707070707071 85
-0.00606060606061 95
-0.00505050505051 92
-0.0040404040404 104
-0.0030303030303 101
-0.0020202020202 83
-0.0010101010101 87
0.0 98
0.0010101010101 87
0.0020202020202 83
0.0030303030303 101
0.0040404040404 104
0.00505050505051 92
0.00606060606061 95
0.00707070707071 85
0.00808080808081 92
0.00909090909091 94
0.010101010101 100
0.0111111111111 100
0.0121212121212 102
0.0131313131313 82
0.0141414141414 114
0.0151515151515 106
0.0161616161616 104
0.0171717171717 100
0.0181818181818 97
0.0191919191919 119
0.020202020202 120
0.0212121212121 86
0.0222222222222 111
0.0232323232323 115
0.0242424242424 124
0.0252525252525 118
0.0262626262626 111
0.0272727272727 105
0.0282828282828 112
0.0292929292929 114
0.030303030303 117
0.0313131313131 125
0.0323232323232 110
0.0333333333333 84
0.0343434343434 127
0.0353535353535 111
0.0363636363636 122
0.0373737373737 121
0.0383838383838 139
0.0393939393939 115
0.040404040404 117
0.0414141414141 140
0.0424242424242 141
0.0434343434343 91
0.0444444444444 95
0.0454545454545 133
0.0464646464646 126
0.0474747474747 120
0.0484848484848 126
0.0494949494949 104
0.0505050505051 108
0.0515151515152 131
0.0525252525253 104
0.0535353535354 116
0.0545454545455 124
0.0555555555556 123
0.0565656565657 119
0.0575757575758 122
0.0585858585859 127
0.059595959596 136
0.0606060606061 125
0.0616161616162 135
0.0626262626263 118
0.0636363636364 135
0.0646464646465 136
0.0656565656566 143
0.0666666666667 130
0.0676767676768 126
0.0686868686869 132
0.069696969697 141
0.0707070707071 110
0.0717171717172 135
0.0727272727273 149
0.0737373737374 144
0.0747474747475 104
0.0757575757576 120
0.0767676767677 117
0.0777777777778 128
0.0787878787879 143
0.079797979798 130
0.0808080808081 125
0.0818181818182 126
0.0828282828283 112
0.0838383838384 109
0.0848484848485 135
0.0858585858586 122
0.0868686868687 109
0.0878787878788 97
0.0888888888889 119
0.089898989899 125
0.0909090909091 146
0.0919191919192 127
0.0929292929293 132
0.0939393939394 107
0.0949494949495 119
0.0959595959596 110
0.0969696969697 122
0.0979797979798 119
0.0989898989899 115
0.1 120
