-0.1 519
-0.0989898989899 533
-0.0979797979798 558
-0.0969696969697 557
-0.0959595959596 549
-0.0949494949495 569
-0.0939393939394 574
-0.0929292929293 543
-0.0919191919192 579
-0.0909090909091 618
-0.089898989899 582
-0.0888888888889 609
-0.0878787878788 577
-0.0868686868687 604
-0.0858585858586 584
-0.0848484848485 546
-0.0838383838384 577
-0.0828282828283 581
-0.0818181818182 591
-0.0808080808081 605
-0.079797979798 599
-0.0787878787879 598
-0.0777777777778 575
-0.0767676767677 619
-0.0757575757576 653
-0.0747474747475 638
-0.0737373737374 617
-0.0727272727273 655
-0.0717171717172 644
-0.0707070707071 594
-0.069696969697 660
-0.0686868686869 685
-0.0676767676768 626
-0.0666666666667 689
-0.0656565656566 610
-0.0646464646465 700
-0.0636363636364 709
-0.0626262626263 697
-0.0616161616162 717
-0.0606060606061 685
-0.059595959596 688
-0.0585858585859 673
-0.0575757575758 657
-0.0565656565657 655
-0.0555555555556 639
-0.0545454545455 622
-0.0535353535354 645
-0.0525252525253 609
-0.0515151515152 633
-0.0505050505051 616
-0.0494949494949 581
-0.0484848484848 620
-0.0474747474747 622
-0.0464646464646 567
-0.0454545454545 617
-0.0444444444444 550
-0.0434343434343 572
-0.0424242424242 622
-0.0414141414141 601
-0.040404040404 616
-0.0393939393939 628
-0.0383838383838 588
-0.0373737373737 571
-0.0363636363636 610
-0.0353535353535 566
-0.0343434343434 650
-0.0333333333333 587
-0.0323232323232 576
-0.0313131313131 576
-0.030303030303 584
-0.0292929292929 618
-0.0282828282828 625
-0.0272727272727 567
-0.0262626262626 617
-0.0252525252525 567
-0.0242424242424 568
-0.0232323232323 583
-0.0222222222222 567
-0.0212121212121 577
-0.020202020202 595
-0.0191919191919 543
-0.0181818181818 532
-0.0171717171717 566
-0.0161616161616 600
-0.0151515151515 548
-0.0141414141414 611
-0.0131313131313 570
-0.0121212121212 570
-0.0111111111111 562
-0.010101010101 562
-0.00909090909091 592
-0.00808080808081 544
-0.00707070707071 579
-0.00606060606061 590
-0.00505050505051 533
-0.0040404040404 547
-0.0030303030303 515
-0.0020202020202 499
-0.0010101010101 542
0.0 557
0.0010101010101 542
0.0020202020202 499
0.0030303030303 515
0.0040404040404 547
0.00505050505051 533
0.00606060606061 590
0.00707070707071 579
0.00808080808081 544
0.00909090909091 592
0.010101010101 562
0.0111111111111 562
0.0121212121212 570
0.0131313131313 570
0.0141414141414 611
0.0151515151515 548
0.0161616161616 600
0.0171717171717 566
0.0181818181818 532
0.0191919191919 543
0.020202020202 595
0.0212121212121 577
0.0222222222222 567
0.0232323232323 583
0.0242424242424 568
0.0252525252525 567
0.0262626262626 617
0.0272727272727 567
0.0282828282828 625
0.0292929292929 618
0.030303030303 584
0.0313131313131 576
0.0323232323232 576
0.0333333333333 587
0.0343434343434 650
0.0353535353535 566
0.0363636363636 610
0.0373737373737 571
0.0383838383838 588
0.0393939393939 628
0.040404040404 616
0.0414141414141 601
0.0424242424242 622
0.0434343434343 572
0.0444444444444 550
0.0454545454545 617
0.0464646464646 567
0.0474747474747 622
0.0484848484848 620
0.0494949494949 581
0.0505050505051 616
0.0515151515152 633
0.0525252525253 609
0.0535353535354 645
0.0545454545455 622
0.0555555555556 639
0.0565656565657 655
0.0575757575758 657
0.0585858585859 673
0.059595959596 688
0.0606060606061 685
0.0616161616162 717
0.0626262626263 697
0.0636363636364 709
0.0646464646465 700
0.0656565656566 610
0.0666666666667 689
0.0676767676768 626
0.0686868686869 685
0.069696969697 660
0.0707070707071 594
0.0717171717172 644
0.0727272727273 655
0.0737373737374 617
0.0747474747475 638
0.0757575757576 653
0.0767676767677 619
0.0777777777778 575
0.0787878787879 598
0.079797979798 599
0.0808080808081 605
0.0818181818182 591
0.0828282828283 581
0.0838383838384 577
0.0848484848485 546
0.0858585858586 584
0.0868686868687 604
0.0878787878788 577
0.0888888888889 609
0.089898989899 582
0.0909090909091 618
0.0919191919192 579
0.0929292929293 543
0.0939393939394 574
0.0949494949495 569
0.0959595959596 549
0.0969696969697 557
0.0979797979798 558
0.0989898989899 533
0.1 519
