-0.1 23
-0.0989898989899 16
-0.0979797979798 18
-0.0969696969697 12
-0.0959595959596 14
-0.0949494949495 27
-0.0939393939394 15
-0.0929292929293 23
-0.0919191919192 21
-0.0909090909091 20
-0.089898989899 11
-0.0888888888889 11
-0.0878787878788 16
-0.0868686868687 21
-0.0858585858586 18
-0.0848484848485 19
-0.0838383838384 20
-0.0828282828283 17
-0.0818181818182 21
-0.0808080808081 23
-0.079797979798 11
-0.0787878787879 21
-0.0777777777778 20
-0.0767676767677 10
-0.0757575757576 23
-0.0747474747475 21
-0.0737373737374 17
-0.0727272727273 16
-0.0717171717172 18
-0.0707070707071 14
-0.069696969697 20
-0.0686868686869 20
-0.0676767676768 20
-0.0666666666667 15
-0.0656565656566 19
-0.0646464646465 22
-0.0636363636364 23
-0.0626262626263 16
-0.0616161616162 18
-0.0606060606061 25
-0.059595959596 19
-0.0585858585859 22
-0.0575757575758 17
-0.0565656565657 11
-0.0555555555556 22
-0.0545454545455 17
-0.0535353535354 18
-0.0525252525253 24
-0.0515151515152 19
-0.0505050505051 8
-0.0494949494949 19
-0.0484848484848 16
-0.0474747474747 15
-0.0464646464646 35
-0.0454545454545 23
-0.0444444444444 15
-0.0434343434343 21
-0.0424242424242 11
-0.0414141414141 13
-0.040404040404 18
-0.0393939393939 11
-0.0383838383838 20
-0.0373737373737 19
-0.0363636363636 16
-0.0353535353535 18
-0.0343434343434 23
-0.0333333333333 15
-0.0323232323232 13
-0.0313131313131 20
-0.030303030303 25
-0.0292929292929 11
-0.0282828282828 16
-0.0272727272727 20
-0.0262626262626 15
-0.0252525252525 20
-0.0242424242424 17
-0.0232323232323 19
-0.0222222222222 19
-0.0212121212121 21
-0.020202020202 15
-0.0191919191919 15
-0.0181818181818 19
-0.0171717171717 15
-0.0161616161616 19
-0.0151515151515 19
-0.0141414141414 7
-0.0131313131313 15
-0.0121212121212 23
-0.0111111111111 19
-0.010101010101 21
-0.00909090909091 17
-0.00808080808081 14
-0.00707070707071 14
-0.00606060606061 23
-0.00505050505051 13
-0.0040404040404 17
-0.0030303030303 12
-0.0020202020202 10
-0.0010101010101 16
0.0 14
0.0010101010101 16
0.0020202020202 10
0.0030303030303 12
0.0040404040404 17
0.00505050505051 13
0.00606060606061 23
0.00707070707071 14
0.00808080808081 14
0.00909090909091 17
0.010101010101 21
0.0111111111111 19
0.0121212121212 23
0.0131313131313 15
0.0141414141414 7
0.0151515151515 19
0.0161616161616 19
0.0171717171717 15
0.0181818181818 19
0.0191919191919 15
0.020202020202 15
0.0212121212121 21
0.0222222222222 19
0.0232323232323 19
0.0242424242424 17
0.0252525252525 20
0.0262626262626 15
0.0272727272727 20
0.0282828282828 16
0.0292929292929 11
0.030303030303 25
0.0313131313131 20
0.0323232323232 13
0.0333333333333 15
0.0343434343434 23
0.0353535353535 18
0.0363636363636 16
0.0373737373737 19
0.0383838383838 20
0.0393939393939 11
0.040404040404 18
0.0414141414141 13
0.0424242424242 11
0.0434343434343 21
0.0444444444444 15
0.0454545454545 23
0.0464646464646 35
0.0474747474747 15
0.0484848484848 16
0.0494949494949 19
0.0505050505051 8
0.0515151515152 19
0.0525252525253 24
0.0535353535354 18
0.0545454545455 17
0.0555555555556 22
0.0565656565657 11
0.0575757575758 17
0.0585858585859 22
0.059595959596 19
0.0606060606061 25
0.0616161616162 18
0.0626262626263 16
0.0636363636364 23
0.0646464646465 22
0.0656565656566 19
0.0666666666667 15
0.0676767676768 20
0.0686868686869 20
0.069696969697 20
0.0707070707071 14
0.0717171717172 18
0.0727272727273 16
0.0737373737374 17
0.0747474747475 21
0.0757575757576 23
0.0767676767677 10
0.0777777777778 20
0.0787878787879 21
0.079797979798 11
0.0808080808081 23
0.0818181818182 21
0.0828282828283 17
0.0838383838384 20
0.0848484848485 19
0.0858585858586 18
0.0868686868687 21
0.0878787878788 16
0.0888888888889 11
0.089898989899 11
0.0909090909091 20
0.0919191919192 21
0.0929292929293 23
0.0939393939394 15
0.0949494949495 27
0.0959595959596 14
0.0969696969697 12
0.0979797979798 18
0.0989898989899 16
0.1 23
