-0.1 635
-0.0989898989899 681
-0.0979797979798 684
-0.0969696969697 703
-0.0959595959596 634
-0.0949494949495 667
-0.0939393939394 627
-0.0929292929293 686
-0.0919191919192 704
-0.0909090909091 723
-0.089898989899 658
-0.0888888888889 671
-0.0878787878788 711
-0.0868686868687 711
-0.0858585858586 733
-0.0848484848485 686
-0.0838383838384 704
-0.0828282828283 752
-0.0818181818182 678
-0.0808080808081 767
-0.079797979798 683
-0.0787878787879 790
-0.0777777777778 738
-0.0767676767677 742
-0.0757575757576 762
-0.0747474747475 752
-0.0737373737374 743
-0.0727272727273 751
-0.0717171717172 751
-0.0707070707071 747
-0.069696969697 769
-0.0686868686869 751
-0.0676767676768 733
-0.0666666666667 782
-0.0656565656566 774
-0.0646464646465 804
-0.0636363636364 820
-0.0626262626263 801
-0.0616161616162 771
-0.0606060606061 757
-0.059595959596 728
-0.0585858585859 707
-0.0575757575758 737
-0.0565656565657 733
-0.0555555555556 704
-0.0545454545455 690
-0.0535353535354 645
-0.0525252525253 741
-0.0515151515152 678
-0.0505050505051 630
-0.0494949494949 641
-0.0484848484848 667
-0.0474747474747 621
-0.0464646464646 664
-0.0454545454545 655
-0.0444444444444 663
-0.0434343434343 651
-0.0424242424242 668
-0.0414141414141 680
-0.040404040404 674
-0.0393939393939 669
-0.0383838383838 685
-0.0373737373737 690
-0.0363636363636 681
-0.0353535353535 600
-0.0343434343434 725
-0.0333333333333 682
-0.0323232323232 703
-0.0313131313131 649
-0.030303030303 674
-0.0292929292929 653
-0.0282828282828 648
-0.0272727272727 653
-0.0262626262626 676
-0.0252525252525 676
-0.0242424242424 667
-0.0232323232323 681
-0.0222222222222 682
-0.0212121212121 694
-0.020202020202 738
-0.0191919191919 704
-0.0181818181818 707
-0.0171717171717 707
-0.0161616161616 690
-0.0151515151515 741
-0.0141414141414 719
-0.0131313131313 693
-0.0121212121212 710
-0.0111111111111 693
-0.010101010101 675
-0.00909090909091 688
-0.00808080808081 692
-0.00707070707071 670
-0.00606060606061 631
-0.00505050505051 631
-0.0040404040404 608
-0.0030303030303 577
-0.0020202020202 560
-0.0010101010101 541
0.0 529
0.0010101010101 541
0.0020202020202 560
0.0030303030303 577
0.0040404040404 608
0.00505050505051 631
0.00606060606061 631
0.00707070707071 670
0.00808080808081 692
0.00909090909091 688
0.010101010101 675
0.0111111111111 693
0.0121212121212 710
0.0131313131313 693
0.0141414141414 719
0.0151515151515 741
0.0161616161616 690
0.0171717171717 707
0.0181818181818 707
0.0191919191919 704
0.020202020202 738
0.0212121212121 694
0.0222222222222 682
0.0232323232323 681
0.0242424242424 667
0.0252525252525 676
0.0262626262626 676
0.0272727272727 653
0.0282828282828 648
0.0292929292929 653
0.030303030303 674
0.0313131313131 649
0.0323232323232 703
0.0333333333333 682
0.0343434343434 725
0.0353535353535 600
0.0363636363636 681
0.0373737373737 690
0.0383838383838 685
0.0393939393939 669
0.040404040404 674
0.0414141414141 680
0.0424242424242 668
0.0434343434343 651
0.0444444444444 663
0.0454545454545 655
0.0464646464646 664
0.0474747474747 621
0.0484848484848 667
0.0494949494949 641
0.0505050505051 630
0.0515151515152 678
0.0525252525253 741
0.0535353535354 645
0.0545454545455 690
0.0555555555556 704
0.0565656565657 733
0.0575757575758 737
0.0585858585859 707
0.059595959596 728
0.0606060606061 757
0.0616161616162 771
0.0626262626263 801
0.0636363636364 820
0.0646464646465 804
0.0656565656566 774
0.0666666666667 782
0.0676767676768 733
0.0686868686869 751
0.069696969697 769
0.0707070707071 747
0.0717171717172 751
0.0727272727273 751
0.0737373737374 743
0.0747474747475 752
0.0757575757576 762
0.0767676767677 742
0.0777777777778 738
0.0787878787879 790
0.079797979798 683
0.0808080808081 767
0.0818181818182 678
0.0828282828283 752
0.0838383838384 704
0.0848484848485 686
0.0858585858586 733
0.0868686868687 711
0.0878787878788 711
0.0888888888889 671
0.089898989899 658
0.0909090909091 723
0.0919191919192 704
0.0929292929293 686
0.0939393939394 627
0.0949494949495 667
0.0959595959596 634
0.0969696969697 703
0.0979797979798 684
0.0989898989899 681
0.1 635
