-0.1 313
-0.0989898989899 306
-0.0979797979798 322
-0.0969696969697 331
-0.0959595959596 294
-0.0949494949495 323
-0.0939393939394 329
-0.0929292929293 346
-0.0919191919192 351
-0.0909090909091 369
-0.089898989899 351
-0.0888888888889 343
-0.0878787878788 304
-0.0868686868687 335
-0.0858585858586 327
-0.0848484848485 359
-0.0838383838384 381
-0.0828282828283 320
-0.0818181818182 301
-0.0808080808081 335
-0.079797979798 344
-0.0787878787879 358
-0.0777777777778 392
-0.0767676767677 367
-0.0757575757576 356
-0.0747474747475 348
-0.0737373737374 348
-0.0727272727273 346
-0.0717171717172 344
-0.0707070707071 374
-0.069696969697 384
-0.0686868686869 336
-0.0676767676768 335
-0.0666666666667 345
-0.0656565656566 332
-0.0646464646465 377
-0.0636363636364 426
-0.0626262626263 357
-0.0616161616162 380
-0.0606060606061 321
-0.059595959596 345
-0.0585858585859 343
-0.0575757575758 346
-0.0565656565657 339
-0.0555555555556 333
-0.0545454545455 340
-0.0535353535354 332
-0.0525252525253 336
-0.0515151515152 326
-0.0505050505051 338
-0.0494949494949 350
-0.0484848484848 323
-0.0474747474747 305
-0.0464646464646 354
-0.0454545454545 345
-0.0444444444444 332
-0.0434343434343 348
-0.0424242424242 308
-0.0414141414141 346
-0.040404040404 303
-0.0393939393939 318
-0.0383838383838 320
-0.0373737373737 331
-0.0363636363636 347
-0.0353535353535 316
-0.0343434343434 344
-0.0333333333333 327
-0.0323232323232 326
-0.0313131313131 358
-0.030303030303 341
-0.0292929292929 309
-0.0282828282828 361
-0.0272727272727 358
-0.0262626262626 361
-0.0252525252525 346
-0.0242424242424 378
-0.0232323232323 334
-0.0222222222222 324
-0.0212121212121 337
-0.020202020202 358
-0.0191919191919 331
-0.0181818181818 332
-0.0171717171717 339
-0.0161616161616 347
-0.0151515151515 353
-0.0141414141414 354
-0.0131313131313 370
-0.0121212121212 317
-0.0111111111111 321
-0.010101010101 379
-0.00909090909091 282
-0.00808080808081 370
-0.00707070707071 329
-0.00606060606061 336
-0.00505050505051 317
-0.0040404040404 276
-0.0030303030303 258
-0.0020202020202 264
-0.0010101010101 265
0.0 277
0.0010101010101 265
0.0020202020202 264
0.0030303030303 258
0.0040404040404 276
0.00505050505051 317
0.00606060606061 336
0.00707070707071 329
0.00808080808081 370
0.00909090909091 282
0.010101010101 379
0.0111111111111 321
0.0121212121212 317
0.0131313131313 370
0.0141414141414 354
0.0151515151515 353
0.0161616161616 347
0.0171717171717 339
0.0181818181818 332
0.0191919191919 331
0.020202020202 358
0.0212121212121 337
0.0222222222222 324
0.0232323232323 334
0.0242424242424 378
0.0252525252525 346
0.0262626262626 361
0.0272727272727 358
0.0282828282828 361
0.0292929292929 309
0.030303030303 341
0.0313131313131 358
0.0323232323232 326
0.0333333333333 327
0.0343434343434 344
0.0353535353535 316
0.0363636363636 347
0.0373737373737 331
0.0383838383838 320
0.0393939393939 318
0.040404040404 303
0.0414141414141 346
0.0424242424242 308
0.0434343434343 348
0.0444444444444 332
0.0454545454545 345
0.0464646464646 354
0.0474747474747 305
0.0484848484848 323
0.0494949494949 350
0.0505050505051 338
0.0515151515152 326
0.0525252525253 336
0.0535353535354 332
0.0545454545455 340
0.0555555555556 333
0.0565656565657 339
0.0575757575758 346
0.0585858585859 343
0.059595959596 345
0.0606060606061 321
0.0616161616162 380
0.0626262626263 357
0.0636363636364 426
0.0646464646465 377
0.0656565656566 332
0.0666666666667 345
0.0676767676768 335
0.0686868686869 336
0.069696969697 384
0.0707070707071 374
0.0717171717172 344
0.0727272727273 346
0.0737373737374 348
0.0747474747475 348
0.0757575757576 356
0.0767676767677 367
0.0777777777778 392
0.0787878787879 358
0.079797979798 344
0.0808080808081 335
0.0818181818182 301
0.0828282828283 320
0.0838383838384 381
0.0848484848485 359
0.0858585858586 327
0.0868686868687 335
0.0878787878788 304
0.0888888888889 343
0.089898989899 351
0.0909090909091 369
0.0919191919192 351
0.0929292929293 346
0.0939393939394 329
0.0949494949495 323
0.0959595959596 294
0.0969696969697 331
0.0979797979798 322
0.0989898989899 306
0.1 313
