-0.1 33
-0.0989898989899 27
-0.0979797979798 25
-0.0969696969697 35
-0.0959595959596 29
-0.0949494949495 37
-0.0939393939394 41
-0.0929292929293 32
-0.0919191919192 36
-0.0909090909091 33
-0.089898989899 37
-0.0888888888889 50
-0.0878787878788 32
-0.0868686868687 46
-0.0858585858586 37
-0.0848484848485 59
-0.0838383838384 38
-0.0828282828283 41
-0.0818181818182 33
-0.0808080808081 37
-0.079797979798 38
-0.0787878787879 37
-0.0777777777778 44
-0.0767676767677 40
-0.0757575757576 39
-0.0747474747475 41
-0.0737373737374 37
-0.0727272727273 39
-0.0717171717172 42
-0.0707070707071 37
-0.069696969697 40
-0.0686868686869 35
-0.0676767676768 46
-0.0666666666667 39
-0.0656565656566 29
-0.0646464646465 40
-0.0636363636364 43
-0.0626262626263 38
-0.0616161616162 37
-0.0606060606061 33
-0.059595959596 37
-0.0585858585859 40
-0.0575757575758 37
-0.0565656565657 50
-0.0555555555556 30
-0.0545454545455 40
-0.0535353535354 37
-0.0525252525253 32
-0.0515151515152 33
-0.0505050505051 55
-0.0494949494949 37
-0.0484848484848 47
-0.0474747474747 28
-0.0464646464646 42
-0.0454545454545 30
-0.0444444444444 35
-0.0434343434343 34
-0.0424242424242 45
-0.0414141414141 38
-0.040404040404 30
-0.0393939393939 33
-0.0383838383838 38
-0.0373737373737 37
-0.0363636363636 44
-0.0353535353535 35
-0.0343434343434 33
-0.0333333333333 47
-0.0323232323232 39
-0.0313131313131 57
-0.030303030303 42
-0.0292929292929 36
-0.0282828282828 35
-0.0272727272727 55
-0.0262626262626 29
-0.0252525252525 31
-0.0242424242424 35
-0.0232323232323 25
-0.0222222222222 34
-0.0212121212121 47
-0.020202020202 42
-0.0191919191919 44
-0.0181818181818 33
-0.0171717171717 41
-0.0161616161616 31
-0.0151515151515 35
-0.0141414141414 29
-0.0131313131313 41
-0.0121212121212 19
-0.0111111111111 29
-0.010101010101 25
-0.00909090909091 31
-0.00808080808081 36
-0.00707070707071 30
-0.00606060606061 24
-0.00505050505051 28
-0.0040404040404 27
-0.0030303030303 12
-0.0020202020202 17
-0.0010101010101 21
0.0 18
0.0010101010101 21
0.0020202020202 17
0.0030303030303 12
0.0040404040404 27
0.00505050505051 28
0.00606060606061 24
0.00707070707071 30
0.00808080808081 36
0.00909090909091 31
0.010101010101 25
0.0111111111111 29
0.0121212121212 19
0.0131313131313 41
0.0141414141414 29
0.0151515151515 35
0.0161616161616 31
0.0171717171717 41
0.0181818181818 33
0.0191919191919 44
0.020202020202 42
0.0212121212121 47
0.0222222222222 34
0.0232323232323 25
0.0242424242424 35
0.0252525252525 31
0.0262626262626 29
0.0272727272727 55
0.0282828282828 35
0.0292929292929 36
0.030303030303 42
0.0313131313131 57
0.0323232323232 39
0.0333333333333 47
0.0343434343434 33
0.0353535353535 35
0.0363636363636 44
0.0373737373737 37
0.0383838383838 38
0.0393939393939 33
0.040404040404 30
0.0414141414141 38
0.0424242424242 45
0.0434343434343 34
0.0444444444444 35
0.0454545454545 30
0.0464646464646 42
0.0474747474747 28
0.0484848484848 47
0.0494949494949 37
0.0505050505051 55
0.0515151515152 33
0.0525252525253 32
0.0535353535354 37
0.0545454545455 40
0.0555555555556 30
0.0565656565657 50
0.0575757575758 37
0.0585858585859 40
0.059595959596 37
0.0606060606061 33
0.0616161616162 37
0.0626262626263 38
0.0636363636364 43
0.0646464646465 40
0.0656565656566 29
0.0666666666667 39
0.0676767676768 46
0.0686868686869 35
0.069696969697 40
0.0707070707071 37
0.0717171717172 42
0.0727272727273 39
0.0737373737374 37
0.0747474747475 41
0.0757575757576 39
0.0767676767677 40
0.0777777777778 44
0.0787878787879 37
0.079797979798 38
0.0808080808081 37
0.0818181818182 33
0.0828282828283 41
0.0838383838384 38
0.0848484848485 59
0.0858585858586 37
0.0868686868687 46
0.0878787878788 32
0.0888888888889 50
0.089898989899 37
0.0909090909091 33
0.0919191919192 36
0.0929292929293 32
0.0939393939394 41
0.0949494949495 37
0.0959595959596 29
0.0969696969697 35
0.0979797979798 25
0.0989898989899 27
0.1 33
