-0.1 109
-0.0989898989899 103
-0.0979797979798 111
-0.0969696969697 121
-0.0959595959596 114
-0.0949494949495 119
-0.0939393939394 129
-0.0929292929293 145
-0.0919191919192 140
-0.0909090909091 128
-0.089898989899 123
-0.0888888888889 122
-0.0878787878788 111
-0.0868686868687 134
-0.0858585858586 131
-0.0848484848485 120
-0.0838383838384 120
-0.0828282828283 116
-0.0818181818182 124
-0.0808080808081 114
-0.079797979798 129
-0.0787878787879 134
-0.0777777777778 113
-0.0767676767677 131
-0.0757575757576 115
-0.0747474747475 130
-0.0737373737374 124
-0.0727272727273 141
-0.0717171717172 145
-0.0707070707071 120
-0.069696969697 140
-0.0686868686869 106
-0.0676767676768 104
-0.0666666666667 125
-0.0656565656566 122
-0.0646464646465 149
-0.0636363636364 140
-0.0626262626263 142
-0.0616161616162 146
-0.0606060606061 130
-0.059595959596 139
-0.0585858585859 125
-0.0575757575758 147
-0.0565656565657 124
-0.0555555555556 119
-0.0545454545455 135
-0.0535353535354 126
-0.0525252525253 132
-0.0515151515152 132
-0.0505050505051 128
-0.0494949494949 126
-0.0484848484848 129
-0.0474747474747 124
-0.0464646464646 145
-0.0454545454545 150
-0.0444444444444 131
-0.0434343434343 118
-0.0424242424242 137
-0.0414141414141 133
-0.040404040404 135
-0.0393939393939 133
-0.0383838383838 121
-0.0373737373737 148
-0.0363636363636 159
-0.0353535353535 134
-0.0343434343434 123
-0.0333333333333 133
-0.0323232323232 131
-0.0313131313131 136
-0.030303030303 132
-0.0292929292929 116
-0.0282828282828 139
-0.0272727272727 148
-0.0262626262626 135
-0.0252525252525 115
-0.0242424242424 127
-0.0232323232323 118
-0.0222222222222 138
-0.0212121212121 117
-0.020202020202 108
-0.0191919191919 156
-0.0181818181818 143
-0.0171717171717 134
-0.0161616161616 105
-0.0151515151515 108
-0.0141414141414 115
-0.0131313131313 130
-0.0121212121212 94
-0.0111111111111 122
-0.010101010101 122
-0.00909090909091 89
-0.00808080808081 117
-0.00707070707071 95
-0.00606060606061 102
-0.00505050505051 82
-0.0040404040404 90
-0.0030303030303 83
-0.0020202020202 65
-0.0010101010101 71
0.0 77
0.0010101010101 71
0.0020202020202 65
0.0030303030303 83
0.0040404040404 90
0.00505050505051 82
0.00606060606061 102
0.00707070707071 95
0.00808080808081 117
0.00909090909091 89
0.010101010101 122
0.0111111111111 122
0.0121212121212 94
0.0131313131313 130
0.0141414141414 115
0.0151515151515 108
0.0161616161616 105
0.0171717171717 134
0.0181818181818 143
0.0191919191919 156
0.020202020202 108
0.0212121212121 117
0.0222222222222 138
0.0232323232323 118
0.0242424242424 127
0.0252525252525 115
0.0262626262626 135
0.0272727272727 148
0.0282828282828 139
0.0292929292929 116
0.030303030303 132
0.0313131313131 136
0.0323232323232 131
0.0333333333333 133
0.0343434343434 123
0.0353535353535 134
0.0363636363636 159
0.0373737373737 148
0.0383838383838 121
0.0393939393939 133
0.040404040404 135
0.0414141414141 133
0.0424242424242 137
0.0434343434343 118
0.0444444444444 131
0.0454545454545 150
0.0464646464646 145
0.0474747474747 124
0.0484848484848 129
0.0494949494949 126
0.0505050505051 128
0.0515151515152 132
0.0525252525253 132
0.0535353535354 126
0.0545454545455 135
0.0555555555556 119
0.0565656565657 124
0.0575757575758 147
0.0585858585859 125
0.059595959596 139
0.0606060606061 130
0.0616161616162 146
0.0626262626263 142
0.0636363636364 140
0.0646464646465 149
0.0656565656566 122
0.0666666666667 125
0.0676767676768 104
0.0686868686869 106
0.069696969697 140
0.0707070707071 120
0.0717171717172 145
0.0727272727273 141
0.0737373737374 124
0.0747474747475 130
0.0757575757576 115
0.0767676767677 131
0.0777777777778 113
0.0787878787879 134
0.079797979798 129
0.0808080808081 114
0.0818181818182 124
0.0828282828283 116
0.0838383838384 120
0.0848484848485 120
0.0858585858586 131
0.0868686868687 134
0.0878787878788 111
0.0888888888889 122
0.089898989899 123
0.0909090909091 128
0.0919191919192 140
0.0929292929293 145
0.0939393939394 129
0.0949494949495 119
0.0959595959596 114
0.0969696969697 121
0.0979797979798 111
0.0989898989899 103
0.1 109
