-0.1 40
-0.0989898989899 41
-0.0979797979798 45
-0.0969696969697 47
-0.0959595959596 50
-0.0949494949495 46
-0.0939393939394 34
-0.0929292929293 47
-0.0919191919192 35
-0.0909090909091 37
-0.089898989899 33
-0.0888888888889 40
-0.0878787878788 54
-0.0868686868687 32
-0.0858585858586 39
-0.0848484848485 37
-0.0838383838384 35
-0.0828282828283 32
-0.0818181818182 41
-0.0808080808081 33
-0.079797979798 34
-0.0787878787879 40
-0.0777777777778 38
-0.0767676767677 21
-0.0757575757576 40
-0.0747474747475 29
-0.0737373737374 29
-0.0727272727273 37
-0.0717171717172 39
-0.0707070707071 34
-0.069696969697 39
-0.0686868686869 43
-0.0676767676768 39
-0.0666666666667 44
-0.0656565656566 37
-0.0646464646465 47
-0.0636363636364 44
-0.0626262626263 42
-0.0616161616162 40
-0.0606060606061 51
-0.059595959596 46
-0.0585858585859 53
-0.0575757575758 44
-0.0565656565657 46
-0.0555555555556 54
-0.0545454545455 61
-0.0535353535354 61
-0.0525252525253 59
-0.0515151515152 60
-0.0505050505051 54
-0.0494949494949 62
-0.0484848484848 51
-0.0474747474747 72
-0.0464646464646 51
-0.0454545454545 60
-0.0444444444444 62
-0.0434343434343 53
-0.0424242424242 55
-0.0414141414141 66
-0.040404040404 62
-0.0393939393939 72
-0.0383838383838 55
-0.0373737373737 53
-0.0363636363636 70
-0.0353535353535 69
-0.0343434343434 53
-0.0333333333333 78
-0.0323232323232 58
-0.0313131313131 63
-0.030303030303 68
-0.0292929292929 55
-0.0282828282828 52
-0.0272727272727 50
-0.0262626262626 57
-0.0252525252525 37
-0.0242424242424 50
-0.0232323232323 48
-0.0222222222222 48
-0.0212121212121 57
-0.020202020202 52
-0.0191919191919 38
-0.0181818181818 51
-0.0171717171717 37
-0.0161616161616 53
-0.0151515151515 45
-0.0141414141414 46
-0.0131313131313 43
-0.0121212121212 50
-0.0111111111111 37
-0.010101010101 42
-0.00909090909091 37
-0.00808080808081 40
-0.00707070707071 40
-0.00606060606061 38
-0.00505050505051 34
-0.0040404040404 35
-0.0030303030303 34
-0.0020202020202 29
-0.0010101010101 26
0.0 32
0.0010101010101 26
0.0020202020202 29
0.0030303030303 34
0.0040404040404 35
0.00505050505051 34
0.00606060606061 38
0.00707070707071 40
0.00808080808081 40
0.00909090909091 37
0.010101010101 42
0.0111111111111 37
0.0121212121212 50
0.0131313131313 43
0.0141414141414 46
0.0151515151515 45
0.0161616161616 53
0.0171717171717 37
0.0181818181818 51
0.0191919191919 38
0.020202020202 52
0.0212121212121 57
0.0222222222222 48
0.0232323232323 48
0.0242424242424 50
0.0252525252525 37
0.0262626262626 57
0.0272727272727 50
0.0282828282828 52
0.0292929292929 55
0.030303030303 68
0.0313131313131 63
0.0323232323232 58
0.0333333333333 78
0.0343434343434 53
0.0353535353535 69
0.0363636363636 70
0.0373737373737 53
0.0383838383838 55
0.0393939393939 72
0.040404040404 62
0.0414141414141 66
0.0424242424242 55
0.0434343434343 53
0.0444444444444 62
0.0454545454545 60
0.0464646464646 51
0.0474747474747 72
0.0484848484848 51
0.0494949494949 62
0.0505050505051 54
0.0515151515152 60
0.0525252525253 59
0.0535353535354 61
0.0545454545455 61
0.0555555555556 54
0.0565656565657 46
0.0575757575758 44
0.0585858585859 53
0.059595959596 46
0.0606060606061 51
0.0616161616162 40
0.0626262626263 42
0.0636363636364 44
0.0646464646465 47
0.0656565656566 37
0.0666666666667 44
0.0676767676768 39
0.0686868686869 43
0.069696969697 39
0.0707070707071 34
0.0717171717172 39
0.0727272727273 37
0.0737373737374 29
0.0747474747475 29
0.0757575757576 40
0.0767676767677 21
0.0777777777778 38
0.0787878787879 40
0.079797979798 34
0.0808080808081 33
0.0818181818182 41
0.0828282828283 32
0.0838383838384 35
0.0848484848485 37
0.0858585858586 39
0.0868686868687 32
0.0878787878788 54
0.0888888888889 40
0.089898989899 33
0.0909090909091 37
0.0919191919192 35
0.0929292929293 47
0.0939393939394 34
0.0949494949495 46
0.0959595959596 50
0.0969696969697 47
0.0979797979798 45
0.0989898989899 41
0.1 40
