-0.1 421
-0.0989898989899 433
-0.0979797979798 409
-0.0969696969697 403
-0.0959595959596 396
-0.0949494949495 423
-0.0939393939394 371
-0.0929292929293 420
-0.0919191919192 382
-0.0909090909091 426
-0.089898989899 378
-0.0888888888889 424
-0.0878787878788 393
-0.0868686868687 378
-0.0858585858586 397
-0.0848484848485 412
-0.0838383838384 387
-0.0828282828283 402
-0.0818181818182 380
-0.0808080808081 410
-0.079797979798 372
-0.0787878787879 373
-0.0777777777778 361
-0.0767676767677 393
-0.0757575757576 364
-0.0747474747475 375
-0.0737373737374 338
-0.0727272727273 356
-0.0717171717172 375
-0.0707070707071 352
-0.069696969697 421
-0.0686868686869 448
-0.0676767676768 455
-0.0666666666667 429
-0.0656565656566 447
-0.0646464646465 453
-0.0636363636364 465
-0.0626262626263 432
-0.0616161616162 498
-0.0606060606061 415
-0.059595959596 451
-0.0585858585859 417
-0.0575757575758 419
-0.0565656565657 429
-0.0555555555556 432
-0.0545454545455 421
-0.0535353535354 436
-0.0525252525253 428
-0.0515151515152 411
-0.0505050505051 449
-0.0494949494949 437
-0.0484848484848 409
-0.0474747474747 402
-0.0464646464646 412
-0.0454545454545 394
-0.0444444444444 359
-0.0434343434343 425
-0.0424242424242 408
-0.0414141414141 383
-0.040404040404 397
-0.0393939393939 375
-0.0383838383838 385
-0.0373737373737 373
-0.0363636363636 375
-0.0353535353535 392
-0.0343434343434 406
-0.0333333333333 412
-0.0323232323232 391
-0.0313131313131 395
-0.030303030303 354
-0.0292929292929 391
-0.0282828282828 389
-0.0272727272727 412
-0.0262626262626 390
-0.0252525252525 363
-0.0242424242424 368
-0.0232323232323 384
-0.0222222222222 376
-0.0212121212121 355
-0.020202020202 369
-0.0191919191919 374
-0.0181818181818 363
-0.0171717171717 380
-0.0161616161616 377
-0.0151515151515 349
-0.0141414141414 357
-0.0131313131313 368
-0.0121212121212 367
-0.0111111111111 355
-0.010101010101 348
-0.00909090909091 348
-0.00808080808081 309
-0.00707070707071 355
-0.00606060606061 350
-0.00505050505051 332
-0.0040404040404 305
-0.0030303030303 327
-0.0020202020202 294
-0.0010101010101 289
0.0 282
0.0010101010101 289
0.0020202020202 294
0.0030303030303 327
0.0040404040404 305
0.00505050505051 332
0.00606060606061 350
0.00707070707071 355
0.00808080808081 309
0.00909090909091 348
0.010101010101 348
0.0111111111111 355
0.0121212121212 367
0.0131313131313 368
0.0141414141414 357
0.0151515151515 349
0.0161616161616 377
0.0171717171717 380
0.0181818181818 363
0.0191919191919 374
0.020202020202 369
0.0212121212121 355
0.0222222222222 376
0.0232323232323 384
0.0242424242424 368
0.0252525252525 363
0.0262626262626 390
0.0272727272727 412
0.0282828282828 389
0.0292929292929 391
0.030303030303 354
0.0313131313131 395
0.0323232323232 391
0.0333333333333 412
0.0343434343434 406
0.0353535353535 392
0.0363636363636 375
0.0373737373737 373
0.0383838383838 385
0.0393939393939 375
0.040404040404 397
0.0414141414141 383
0.0424242424242 408
0.0434343434343 425
0.0444444444444 359
0.0454545454545 394
0.0464646464646 412
0.0474747474747 402
0.0484848484848 409
0.0494949494949 437
0.0505050505051 449
0.0515151515152 411
0.0525252525253 428
0.0535353535354 436
0.0545454545455 421
0.0555555555556 432
0.0565656565657 429
0.0575757575758 419
0.0585858585859 417
0.059595959596 451
0.0606060606061 415
0.0616161616162 498
0.0626262626263 432
0.0636363636364 465
0.0646464646465 453
0.0656565656566 447
0.0666666666667 429
0.0676767676768 455
0.0686868686869 448
0.069696969697 421
0.0707070707071 352
0.0717171717172 375
0.0727272727273 356
0.0737373737374 338
0.0747474747475 375
0.0757575757576 364
0.0767676767677 393
0.0777777777778 361
0.0787878787879 373
0.079797979798 372
0.0808080808081 410
0.0818181818182 380
0.0828282828283 402
0.0838383838384 387
0.0848484848485 412
0.0858585858586 397
0.0868686868687 378
0.0878787878788 393
0.0888888888889 424
0.089898989899 378
0.0909090909091 426
0.0919191919192 382
0.0929292929293 420
0.0939393939394 371
0.0949494949495 423
0.0959595959596 396
0.0969696969697 403
0.0979797979798 409
0.0989898989899 433
0.1 421
