-0.1 17
-0.0989898989899 14
-0.0979797979798 26
-0.0969696969697 16
-0.0959595959596 15
-0.0949494949495 14
-0.0939393939394 12
-0.0929292929293 18
-0.0919191919192 8
-0.0909090909091 16
-0.089898989899 12
-0.0888888888889 20
-0.0878787878788 20
-0.0868686868687 14
-0.0858585858586 18
-0.0848484848485 10
-0.0838383838384 14
-0.0828282828283 12
-0.0818181818182 16
-0.0808080808081 12
-0.079797979798 15
-0.0787878787879 7
-0.0777777777778 18
-0.0767676767677 10
-0.0757575757576 11
-0.0747474747475 18
-0.0737373737374 13
-0.0727272727273 19
-0.0717171717172 21
-0.0707070707071 26
-0.069696969697 11
-0.0686868686869 12
-0.0676767676768 19
-0.0666666666667 16
-0.0656565656566 14
-0.0646464646465 15
-0.0636363636364 17
-0.0626262626263 21
-0.0616161616162 19
-0.0606060606061 25
-0.059595959596 19
-0.0585858585859 17
-0.0575757575758 14
-0.0565656565657 22
-0.0555555555556 14
-0.0545454545455 24
-0.0535353535354 14
-0.0525252525253 18
-0.0515151515152 25
-0.0505050505051 24
-0.0494949494949 22
-0.0484848484848 29
-0.0474747474747 22
-0.0464646464646 31
-0.0454545454545 28
-0.0444444444444 17
-0.0434343434343 24
-0.0424242424242 27
-0.0414141414141 20
-0.040404040404 36
-0.0393939393939 25
-0.0383838383838 14
-0.0373737373737 24
-0.0363636363636 26
-0.0353535353535 20
-0.0343434343434 30
-0.0333333333333 28
-0.0323232323232 28
-0.0313131313131 28
-0.030303030303 27
-0.0292929292929 25
-0.0282828282828 22
-0.0272727272727 21
-0.0262626262626 33
-0.0252525252525 27
-0.0242424242424 24
-0.0232323232323 25
-0.0222222222222 30
-0.0212121212121 26
-0.020202020202 22
-0.0191919191919 31
-0.0181818181818 23
-0.0171717171717 18
-0.0161616161616 21
-0.0151515151515 27
-0.0141414141414 24
-0.0131313131313 22
-0.0121212121212 18
-0.0111111111111 19
-0.010101010101 26
-0.00909090909091 27
-0.00808080808081 14
-0.00707070707071 26
-0.00606060606061 23
-0.00505050505051 22
-0.0040404040404 16
-0.0030303030303 23
-0.0020202020202 23
-0.0010101010101 23
0.0 24
0.0010101010101 23
0.0020202020202 23
0.0030303030303 23
0.0040404040404 16
0.00505050505051 22
0.00606060606061 23
0.00707070707071 26
0.00808080808081 14
0.00909090909091 27
0.010101010101 26
0.0111111111111 19
0.0121212121212 18
0.0131313131313 22
0.0141414141414 24
0.0151515151515 27
0.0161616161616 21
0.0171717171717 18
0.0181818181818 23
0.0191919191919 31
0.020202020202 22
0.0212121212121 26
0.0222222222222 30
0.0232323232323 25
0.0242424242424 24
0.0252525252525 27
0.0262626262626 33
0.0272727272727 21
0.0282828282828 22
0.0292929292929 25
0.030303030303 27
0.0313131313131 28
0.0323232323232 28
0.0333333333333 28
0.0343434343434 30
0.0353535353535 20
0.0363636363636 26
0.0373737373737 24
0.0383838383838 14
0.0393939393939 25
0.040404040404 36
0.0414141414141 20
0.0424242424242 27
0.0434343434343 24
0.0444444444444 17
0.0454545454545 28
0.0464646464646 31
0.0474747474747 22
0.0484848484848 29
0.0494949494949 22
0.0505050505051 24
0.0515151515152 25
0.0525252525253 18
0.0535353535354 14
0.0545454545455 24
0.0555555555556 14
0.0565656565657 22
0.0575757575758 14
0.0585858585859 17
0.059595959596 19
0.0606060606061 25
0.0616161616162 19
0.0626262626263 21
0.0636363636364 17
0.0646464646465 15
0.0656565656566 14
0.0666666666667 16
0.0676767676768 19
0.0686868686869 12
0.069696969697 11
0.0707070707071 26
0.0717171717172 21
0.0727272727273 19
0.0737373737374 13
0.0747474747475 18
0.0757575757576 11
0.0767676767677 10
0.0777777777778 18
0.0787878787879 7
0.079797979798 15
0.0808080808081 12
0.0818181818182 16
0.0828282828283 12
0.0838383838384 14
0.0848484848485 10
0.0858585858586 18
0.0868686868687 14
0.0878787878788 20
0.0888888888889 20
0.089898989899 12
0.0909090909091 16
0.0919191919192 8
0.0929292929293 18
0.0939393939394 12
0.0949494949495 14
0.0959595959596 15
0.0969696969697 16
0.0979797979798 26
0.0989898989899 14
0.1 17
