-0.1 477
-0.0989898989899 481
-0.0979797979798 445
-0.0969696969697 474
-0.0959595959596 434
-0.0949494949495 518
-0.0939393939394 462
-0.0929292929293 463
-0.0919191919192 450
-0.0909090909091 510
-0.089898989899 461
-0.0888888888889 492
-0.0878787878788 472
-0.0868686868687 443
-0.0858585858586 525
-0.0848484848485 460
-0.0838383838384 497
-0.0828282828283 482
-0.0818181818182 489
-0.0808080808081 461
-0.079797979798 489
-0.0787878787879 429
-0.0777777777778 426
-0.0767676767677 439
-0.0757575757576 444
-0.0747474747475 468
-0.0737373737374 399
-0.0727272727273 440
-0.0717171717172 434
-0.0707070707071 480
-0.069696969697 499
-0.0686868686869 480
-0.0676767676768 536
-0.0666666666667 511
-0.0656565656566 518
-0.0646464646465 528
-0.0636363636364 528
-0.0626262626263 551
-0.0616161616162 555
-0.0606060606061 550
-0.059595959596 555
-0.0585858585859 567
-0.0575757575758 570
-0.0565656565657 555
-0.0555555555556 549
-0.0545454545455 583
-0.0535353535354 596
-0.0525252525253 556
-0.0515151515152 558
-0.0505050505051 536
-0.0494949494949 538
-0.0484848484848 536
-0.0474747474747 585
-0.0464646464646 578
-0.0454545454545 582
-0.0444444444444 546
-0.0434343434343 560
-0.0424242424242 582
-0.0414141414141 594
-0.040404040404 579
-0.0393939393939 551
-0.0383838383838 555
-0.0373737373737 575
-0.0363636363636 608
-0.0353535353535 620
-0.0343434343434 626
-0.0333333333333 597
-0.0323232323232 587
-0.0313131313131 547
-0.030303030303 569
-0.0292929292929 570
-0.0282828282828 622
-0.0272727272727 631
-0.0262626262626 651
-0.0252525252525 633
-0.0242424242424 565
-0.0232323232323 598
-0.0222222222222 600
-0.0212121212121 556
-0.020202020202 622
-0.0191919191919 554
-0.0181818181818 570
-0.0171717171717 575
-0.0161616161616 570
-0.0151515151515 589
-0.0141414141414 608
-0.0131313131313 565
-0.0121212121212 553
-0.0111111111111 583
-0.010101010101 593
-0.00909090909091 614
-0.00808080808081 588
-0.00707070707071 565
-0.00606060606061 510
-0.00505050505051 547
-0.0040404040404 523
-0.0030303030303 572
-0.0020202020202 517
-0.0010101010101 521
0.0 480
0.0010101010101 521
0.0020202020202 517
0.0030303030303 572
0.0040404040404 523
0.00505050505051 547
0.00606060606061 510
0.00707070707071 565
0.00808080808081 588
0.00909090909091 614
0.010101010101 593
0.0111111111111 583
0.0121212121212 553
0.0131313131313 565
0.0141414141414 608
0.0151515151515 589
0.0161616161616 570
0.0171717171717 575
0.0181818181818 570
0.0191919191919 554
0.020202020202 622
0.0212121212121 556
0.0222222222222 600
0.0232323232323 598
0.0242424242424 565
0.0252525252525 633
0.0262626262626 651
0.0272727272727 631
0.0282828282828 622
0.0292929292929 570
0.030303030303 569
0.0313131313131 547
0.0323232323232 587
0.0333333333333 597
0.0343434343434 626
0.0353535353535 620
0.0363636363636 608
0.0373737373737 575
0.0383838383838 555
0.0393939393939 551
0.040404040404 579
0.0414141414141 594
0.0424242424242 582
0.0434343434343 560
0.0444444444444 546
0.0454545454545 582
0.0464646464646 578
0.0474747474747 585
0.0484848484848 536
0.0494949494949 538
0.0505050505051 536
0.0515151515152 558
0.0525252525253 556
0.0535353535354 596
0.0545454545455 583
0.0555555555556 549
0.0565656565657 555
0.0575757575758 570
0.0585858585859 567
0.059595959596 555
0.0606060606061 550
0.0616161616162 555
0.0626262626263 551
0.0636363636364 528
0.0646464646465 528
0.0656565656566 518
0.0666666666667 511
0.0676767676768 536
0.0686868686869 480
0.069696969697 499
0.0707070707071 480
0.0717171717172 434
0.0727272727273 440
0.0737373737374 399
0.0747474747475 468
0.0757575757576 444
0.0767676767677 439
0.0777777777778 426
0.0787878787879 429
0.079797979798 489
0.0808080808081 461
0.0818181818182 489
0.0828282828283 482
0.0838383838384 497
0.0848484848485 460
0.0858585858586 525
0.0868686868687 443
0.0878787878788 472
0.0888888888889 492
0.089898989899 461
0.0909090909091 510
0.0919191919192 450
0.0929292929293 463
0.0939393939394 462
0.0949494949495 518
0.0959595959596 434
0.0969696969697 474
0.0979797979798 445
0.0989898989899 481
0.1 477
