-0.1 143
-0.0989898989899 154
-0.0979797979798 131
-0.0969696969697 151
-0.0959595959596 147
-0.0949494949495 129
-0.0939393939394 138
-0.0929292929293 135
-0.0919191919192 136
-0.0909090909091 140
-0.089898989899 147
-0.0888888888889 148
-0.0878787878788 170
-0.0868686868687 155
-0.0858585858586 151
-0.0848484848485 156
-0.0838383838384 155
-0.0828282828283 167
-0.0818181818182 169
-0.0808080808081 148
-0.079797979798 141
-0.0787878787879 147
-0.0777777777778 146
-0.0767676767677 132
-0.0757575757576 138
-0.0747474747475 125
-0.0737373737374 164
-0.0727272727273 143
-0.0717171717172 134
-0.0707070707071 146
-0.069696969697 112
-0.0686868686869 173
-0.0676767676768 185
-0.0666666666667 170
-0.0656565656566 200
-0.0646464646465 177
-0.0636363636364 198
-0.0626262626263 177
-0.0616161616162 176
-0.0606060606061 185
-0.059595959596 205
-0.0585858585859 207
-0.0575757575758 182
-0.0565656565657 211
-0.0555555555556 199
-0.0545454545455 195
-0.0535353535354 203
-0.0525252525253 196
-0.0515151515152 210
-0.0505050505051 212
-0.0494949494949 207
-0.0484848484848 200
-0.0474747474747 196
-0.0464646464646 213
-0.0454545454545 212
-0.0444444444444 206
-0.0434343434343 227
-0.0424242424242 197
-0.0414141414141 217
-0.040404040404 204
-0.0393939393939 219
-0.0383838383838 213
-0.0373737373737 211
-0.0363636363636 238
-0.0353535353535 228
-0.0343434343434 223
-0.0333333333333 224
-0.0323232323232 230
-0.0313131313131 208
-0.030303030303 236
-0.0292929292929 197
-0.0282828282828 237
-0.0272727272727 216
-0.0262626262626 243
-0.0252525252525 234
-0.0242424242424 237
-0.0232323232323 220
-0.0222222222222 234
-0.0212121212121 235
-0.020202020202 215
-0.0191919191919 236
-0.0181818181818 217
-0.0171717171717 234
-0.0161616161616 215
-0.0151515151515 214
-0.0141414141414 221
-0.0131313131313 207
-0.0121212121212 247
-0.0111111111111 214
-0.010101010101 228
-0.00909090909091 231
-0.00808080808081 243
-0.00707070707071 193
-0.00606060606061 212
-0.00505050505051 196
-0.0040404040404 189
-0.0030303030303 199
-0.0020202020202 217
-0.0010101010101 185
0.0 181
0.0010101010101 185
0.0020202020202 217
0.0030303030303 199
0.0040404040404 189
0.00505050505051 196
0.00606060606061 212
0.00707070707071 193
0.00808080808081 243
0.00909090909091 231
0.010101010101 228
0.0111111111111 214
0.0121212121212 247
0.0131313131313 207
0.0141414141414 221
0.0151515151515 214
0.0161616161616 215
0.0171717171717 234
0.0181818181818 217
0.0191919191919 236
0.020202020202 215
0.0212121212121 235
0.0222222222222 234
0.0232323232323 220
0.0242424242424 237
0.0252525252525 234
0.0262626262626 243
0.0272727272727 216
0.0282828282828 237
0.0292929292929 197
0.030303030303 236
0.0313131313131 208
0.0323232323232 230
0.0333333333333 224
0.0343434343434 223
0.0353535353535 228
0.0363636363636 238
0.0373737373737 211
0.0383838383838 213
0.0393939393939 219
0.040404040404 204
0.0414141414141 217
0.0424242424242 197
0.0434343434343 227
0.0444444444444 206
0.0454545454545 212
0.0464646464646 213
0.0474747474747 196
0.0484848484848 200
0.0494949494949 207
0.0505050505051 212
0.0515151515152 210
0.0525252525253 196
0.0535353535354 203
0.0545454545455 195
0.0555555555556 199
0.0565656565657 211
0.0575757575758 182
0.0585858585859 207
0.059595959596 205
0.0606060606061 185
0.0616161616162 176
0.0626262626263 177
0.0636363636364 198
0.0646464646465 177
0.0656565656566 200
0.0666666666667 170
0.0676767676768 185
0.0686868686869 173
0.069696969697 112
0.0707070707071 146
0.0717171717172 134
0.0727272727273 143
0.0737373737374 164
0.0747474747475 125
0.0757575757576 138
0.0767676767677 132
0.0777777777778 146
0.0787878787879 147
0.079797979798 141
0.0808080808081 148
0.0818181818182 169
0.0828282828283 167
0.0838383838384 155
0.0848484848485 156
0.0858585858586 151
0.0868686868687 155
0.0878787878788 170
0.0888888888889 148
0.089898989899 147
0.0909090909091 140
0.0919191919192 136
0.0929292929293 135
0.0939393939394 138
0.0949494949495 129
0.0959595959596 147
0.0969696969697 151
0.0979797979798 131
0.0989898989899 154
0.1 143
