-0.1 1
-0.0989898989899 1
-0.0979797979798 1
-0.0969696969697 3
-0.0959595959596 0
-0.0949494949495 3
-0.0939393939394 2
-0.0929292929293 3
-0.0919191919192 2
-0.0909090909091 4
-0.089898989899 3
-0.0888888888889 1
-0.0878787878788 3
-0.0868686868687 3
-0.0858585858586 4
-0.0848484848485 1
-0.0838383838384 6
-0.0828282828283 4
-0.0818181818182 1
-0.0808080808081 3
-0.079797979798 2
-0.0787878787879 2
-0.0777777777778 3
-0.0767676767677 7
-0.0757575757576 2
-0.0747474747475 2
-0.0737373737374 1
-0.0727272727273 4
-0.0717171717172 2
-0.0707070707071 1
-0.069696969697 3
-0.0686868686869 3
-0.0676767676768 2
-0.0666666666667 5
-0.0656565656566 1
-0.0646464646465 2
-0.0636363636364 2
-0.0626262626263 1
-0.0616161616162 5
-0.0606060606061 3
-0.059595959596 3
-0.0585858585859 1
-0.0575757575758 4
-0.0565656565657 3
-0.0555555555556 2
-0.0545454545455 2
-0.0535353535354 2
-0.0525252525253 4
-0.0515151515152 0
-0.0505050505051 5
-0.0494949494949 6
-0.0484848484848 4
-0.0474747474747 3
-0.0464646464646 5
-0.0454545454545 7
-0.0444444444444 5
-0.0434343434343 3
-0.0424242424242 5
-0.0414141414141 3
-0.040404040404 3
-0.0393939393939 2
-0.0383838383838 4
-0.0373737373737 6
-0.0363636363636 4
-0.0353535353535 4
-0.0343434343434 3
-0.0333333333333 4
-0.0323232323232 3
-0.0313131313131 4
-0.030303030303 4
-0.0292929292929 2
-0.0282828282828 3
-0.0272727272727 2
-0.0262626262626 2
-0.0252525252525 4
-0.0242424242424 5
-0.0232323232323 7
-0.0222222222222 3
-0.0212121212121 1
-0.020202020202 1
-0.0191919191919 4
-0.0181818181818 4
-0.0171717171717 2
-0.0161616161616 4
-0.0151515151515 3
-0.0141414141414 3
-0.0131313131313 5
-0.0121212121212 9
-0.0111111111111 7
-0.010101010101 5
-0.00909090909091 3
-0.00808080808081 0
-0.00707070707071 3
-0.00606060606061 4
-0.00505050505051 1
-0.0040404040404 3
-0.0030303030303 5
-0.0020202020202 6
-0.0010101010101 4
0.0 4
0.0010101010101 4
0.0020202020202 6
0.0030303030303 5
0.0040404040404 3
0.00505050505051 1
0.00606060606061 4
0.00707070707071 3
0.00808080808081 0
0.00909090909091 3
0.010101010101 5
0.0111111111111 7
0.0121212121212 9
0.0131313131313 5
0.0141414141414 3
0.0151515151515 3
0.0161616161616 4
0.0171717171717 2
0.0181818181818 4
0.0191919191919 4
0.020202020202 1
0.0212121212121 1
0.0222222222222 3
0.0232323232323 7
0.0242424242424 5
0.0252525252525 4
0.0262626262626 2
0.0272727272727 2
0.0282828282828 3
0.0292929292929 2
0.030303030303 4
0.0313131313131 4
0.0323232323232 3
0.0333333333333 4
0.0343434343434 3
0.0353535353535 4
0.0363636363636 4
0.0373737373737 6
0.0383838383838 4
0.0393939393939 2
0.040404040404 3
0.0414141414141 3
0.0424242424242 5
0.0434343434343 3
0.0444444444444 5
0.0454545454545 7
0.0464646464646 5
0.0474747474747 3
0.0484848484848 4
0.0494949494949 6
0.0505050505051 5
0.0515151515152 0
0.0525252525253 4
0.0535353535354 2
0.0545454545455 2
0.0555555555556 2
0.0565656565657 3
0.0575757575758 4
0.0585858585859 1
0.059595959596 3
0.0606060606061 3
0.0616161616162 5
0.0626262626263 1
0.0636363636364 2
0.0646464646465 2
0.0656565656566 1
0.0666666666667 5
0.0676767676768 2
0.0686868686869 3
0.069696969697 3
0.0707070707071 1
0.0717171717172 2
0.0727272727273 4
0.0737373737374 1
0.0747474747475 2
0.0757575757576 2
0.0767676767677 7
0.0777777777778 3
0.0787878787879 2
0.079797979798 2
0.0808080808081 3
0.0818181818182 1
0.0828282828283 4
0.0838383838384 6
0.0848484848485 1
0.0858585858586 4
0.0868686868687 3
0.0878787878788 3
0.0888888888889 1
0.089898989899 3
0.0909090909091 4
0.0919191919192 2
0.0929292929293 3
0.0939393939394 2
0.0949494949495 3
0.0959595959596 0
0.0969696969697 3
0.0979797979798 1
0.0989898989899 1
0.1 1
