-0.1 158
-0.0989898989899 151
-0.0979797979798 163
-0.0969696969697 137
-0.0959595959596 146
-0.0949494949495 148
-0.0939393939394 147
-0.0929292929293 134
-0.0919191919192 131
-0.0909090909091 129
-0.089898989899 138
-0.0888888888889 168
-0.0878787878788 143
-0.0868686868687 145
-0.0858585858586 136
-0.0848484848485 174
-0.0838383838384 154
-0.0828282828283 146
-0.0818181818182 151
-0.0808080808081 143
-0.079797979798 161
-0.0787878787879 138
-0.0777777777778 170
-0.0767676767677 153
-0.0757575757576 150
-0.0747474747475 153
-0.0737373737374 154
-0.0727272727273 148
-0.0717171717172 146
-0.0707070707071 160
-0.069696969697 164
-0.0686868686869 167
-0.0676767676768 209
-0.0666666666667 170
-0.0656565656566 228
-0.0646464646465 207
-0.0636363636364 178
-0.0626262626263 194
-0.0616161616162 207
-0.0606060606061 203
-0.059595959596 178
-0.0585858585859 186
-0.0575757575758 230
-0.0565656565657 182
-0.0555555555556 187
-0.0545454545455 180
-0.0535353535354 192
-0.0525252525253 190
-0.0515151515152 193
-0.0505050505051 185
-0.0494949494949 146
-0.0484848484848 151
-0.0474747474747 179
-0.0464646464646 165
-0.0454545454545 158
-0.0444444444444 183
-0.0434343434343 136
-0.0424242424242 165
-0.0414141414141 174
-0.040404040404 160
-0.0393939393939 177
-0.0383838383838 170
-0.0373737373737 168
-0.0363636363636 173
-0.0353535353535 168
-0.0343434343434 138
-0.0333333333333 157
-0.0323232323232 137
-0.0313131313131 157
-0.030303030303 148
-0.0292929292929 168
-0.0282828282828 161
-0.0272727272727 129
-0.0262626262626 126
-0.0252525252525 148
-0.0242424242424 131
-0.0232323232323 143
-0.0222222222222 134
-0.0212121212121 146
-0.020202020202 128
-0.0191919191919 117
-0.0181818181818 127
-0.0171717171717 122
-0.0161616161616 126
-0.0151515151515 118
-0.0141414141414 118
-0.0131313131313 113
-0.0121212121212 115
-0.0111111111111 121
-0.010101010101 139
-0.00909090909091 107
-0.00808080808081 113
-0.00707070707071 127
-0.00606060606061 89
-0.00505050505051 116
-0.0040404040404 107
-0.0030303030303 88
-0.0020202020202 100
-0.0010101010101 101
0.0 84
0.0010101010101 101
0.0020202020202 100
0.0030303030303 88
0.0040404040404 107
0.00505050505051 116
0.00606060606061 89
0.00707070707071 127
0.00808080808081 113
0.00909090909091 107
0.010101010101 139
0.0111111111111 121
0.0121212121212 115
0.0131313131313 113
0.0141414141414 118
0.0151515151515 118
0.0161616161616 126
0.0171717171717 122
0.0181818181818 127
0.0191919191919 117
0.020202020202 128
0.0212121212121 146
0.0222222222222 134
0.0232323232323 143
0.0242424242424 131
0.0252525252525 148
0.0262626262626 126
0.0272727272727 129
0.0282828282828 161
0.0292929292929 168
0.030303030303 148
0.0313131313131 157
0.0323232323232 137
0.0333333333333 157
0.0343434343434 138
0.0353535353535 168
0.0363636363636 173
0.0373737373737 168
0.0383838383838 170
0.0393939393939 177
0.040404040404 160
0.0414141414141 174
0.0424242424242 165
0.0434343434343 136
0.0444444444444 183
0.0454545454545 158
0.0464646464646 165
0.0474747474747 179
0.0484848484848 151
0.0494949494949 146
0.0505050505051 185
0.0515151515152 193
0.0525252525253 190
0.0535353535354 192
0.0545454545455 180
0.0555555555556 187
0.0565656565657 182
0.0575757575758 230
0.0585858585859 186
0.059595959596 178
0.0606060606061 203
0.0616161616162 207
0.0626262626263 194
0.0636363636364 178
0.0646464646465 207
0.0656565656566 228
0.0666666666667 170
0.0676767676768 209
0.0686868686869 167
0.069696969697 164
0.0707070707071 160
0.0717171717172 146
0.0727272727273 148
0.0737373737374 154
0.0747474747475 153
0.0757575757576 150
0.0767676767677 153
0.0777777777778 170
0.0787878787879 138
0.079797979798 161
0.0808080808081 143
0.0818181818182 151
0.0828282828283 146
0.0838383838384 154
0.0848484848485 174
0.0858585858586 136
0.0868686868687 145
0.0878787878788 143
0.0888888888889 168
0.089898989899 138
0.0909090909091 129
0.0919191919192 131
0.0929292929293 134
0.0939393939394 147
0.0949494949495 148
0.0959595959596 146
0.0969696969697 137
0.0979797979798 163
0.0989898989899 151
0.1 158
