-0.1 47
-0.0989898989899 47
-0.0979797979798 46
-0.0969696969697 38
-0.0959595959596 37
-0.0949494949495 43
-0.0939393939394 53
-0.0929292929293 31
-0.0919191919192 40
-0.0909090909091 34
-0.089898989899 29
-0.0888888888889 41
-0.0878787878788 32
-0.0868686868687 39
-0.0858585858586 36
-0.0848484848485 48
-0.0838383838384 52
-0.0828282828283 42
-0.0818181818182 40
-0.0808080808081 58
-0.079797979798 43
-0.0787878787879 36
-0.0777777777778 38
-0.0767676767677 38
-0.0757575757576 47
-0.0747474747475 40
-0.0737373737374 32
-0.0727272727273 38
-0.0717171717172 39
-0.0707070707071 28
-0.069696969697 29
-0.0686868686869 37
-0.0676767676768 32
-0.0666666666667 49
-0.0656565656566 27
-0.0646464646465 26
-0.0636363636364 35
-0.0626262626263 36
-0.0616161616162 36
-0.0606060606061 42
-0.059595959596 32
-0.0585858585859 35
-0.0575757575758 27
-0.0565656565657 26
-0.0555555555556 28
-0.0545454545455 28
-0.0535353535354 33
-0.0525252525253 32
-0.0515151515152 24
-0.0505050505051 29
-0.0494949494949 32
-0.0484848484848 20
-0.0474747474747 24
-0.0464646464646 27
-0.0454545454545 37
-0.0444444444444 37
-0.0434343434343 23
-0.0424242424242 40
-0.0414141414141 19
-0.040404040404 27
-0.0393939393939 20
-0.0383838383838 19
-0.0373737373737 27
-0.0363636363636 20
-0.0353535353535 37
-0.0343434343434 27
-0.0333333333333 22
-0.0323232323232 26
-0.0313131313131 23
-0.030303030303 27
-0.0292929292929 27
-0.0282828282828 17
-0.0272727272727 14
-0.0262626262626 16
-0.0252525252525 18
-0.0242424242424 14
-0.0232323232323 15
-0.0222222222222 18
-0.0212121212121 7
-0.020202020202 18
-0.0191919191919 13
-0.0181818181818 12
-0.0171717171717 15
-0.0161616161616 8
-0.0151515151515 15
-0.0141414141414 13
-0.0131313131313 10
-0.0121212121212 12
-0.0111111111111 9
-0.010101010101 10
-0.00909090909091 7
-0.00808080808081 4
-0.00707070707071 11
-0.00606060606061 9
-0.00505050505051 12
-0.0040404040404 11
-0.0030303030303 10
-0.0020202020202 12
-0.0010101010101 12
0.0 12
0.0010101010101 12
0.0020202020202 12
0.0030303030303 10
0.0040404040404 11
0.00505050505051 12
0.00606060606061 9
0.00707070707071 11
0.00808080808081 4
0.00909090909091 7
0.010101010101 10
0.0111111111111 9
0.0121212121212 12
0.0131313131313 10
0.0141414141414 13
0.0151515151515 15
0.0161616161616 8
0.0171717171717 15
0.0181818181818 12
0.0191919191919 13
0.020202020202 18
0.0212121212121 7
0.0222222222222 18
0.0232323232323 15
0.0242424242424 14
0.0252525252525 18
0.0262626262626 16
0.0272727272727 14
0.0282828282828 17
0.0292929292929 27
0.030303030303 27
0.0313131313131 23
0.0323232323232 26
0.0333333333333 22
0.0343434343434 27
0.0353535353535 37
0.0363636363636 20
0.0373737373737 27
0.0383838383838 19
0.0393939393939 20
0.040404040404 27
0.0414141414141 19
0.0424242424242 40
0.0434343434343 23
0.0444444444444 37
0.0454545454545 37
0.0464646464646 27
0.0474747474747 24
0.0484848484848 20
0.0494949494949 32
0.0505050505051 29
0.0515151515152 24
0.0525252525253 32
0.0535353535354 33
0.0545454545455 28
0.0555555555556 28
0.0565656565657 26
0.0575757575758 27
0.0585858585859 35
0.059595959596 32
0.0606060606061 42
0.0616161616162 36
0.0626262626263 36
0.0636363636364 35
0.0646464646465 26
0.0656565656566 27
0.0666666666667 49
0.0676767676768 32
0.0686868686869 37
0.069696969697 29
0.0707070707071 28
0.0717171717172 39
0.0727272727273 38
0.0737373737374 32
0.0747474747475 40
0.0757575757576 47
0.0767676767677 38
0.0777777777778 38
0.0787878787879 36
0.079797979798 43
0.0808080808081 58
0.0818181818182 40
0.0828282828283 42
0.0838383838384 52
0.0848484848485 48
0.0858585858586 36
0.0868686868687 39
0.0878787878788 32
0.0888888888889 41
0.089898989899 29
0.0909090909091 34
0.0919191919192 40
0.0929292929293 31
0.0939393939394 53
0.0949494949495 43
0.0959595959596 37
0.0969696969697 38
0.0979797979798 46
0.0989898989899 47
0.1 47
