-0.1 626
-0.0989898989899 631
-0.0979797979798 603
-0.0969696969697 639
-0.0959595959596 583
-0.0949494949495 597
-0.0939393939394 610
-0.0929292929293 554
-0.0919191919192 605
-0.0909090909091 562
-0.089898989899 626
-0.0888888888889 571
-0.0878787878788 577
-0.0868686868687 606
-0.0858585858586 568
-0.0848484848485 608
-0.0838383838384 653
-0.0828282828283 610
-0.0818181818182 602
-0.0808080808081 594
-0.079797979798 549
-0.0787878787879 592
-0.0777777777778 573
-0.0767676767677 581
-0.0757575757576 608
-0.0747474747475 601
-0.0737373737374 527
-0.0727272727273 553
-0.0717171717172 571
-0.0707070707071 559
-0.069696969697 554
-0.0686868686869 598
-0.0676767676768 551
-0.0666666666667 557
-0.0656565656566 566
-0.0646464646465 553
-0.0636363636364 492
-0.0626262626263 502
-0.0616161616162 539
-0.0606060606061 490
-0.059595959596 547
-0.0585858585859 496
-0.0575757575758 534
-0.0565656565657 468
-0.0555555555556 464
-0.0545454545455 525
-0.0535353535354 480
-0.0525252525253 500
-0.0515151515152 454
-0.0505050505051 428
-0.0494949494949 490
-0.0484848484848 441
-0.0474747474747 463
-0.0464646464646 469
-0.0454545454545 407
-0.0444444444444 437
-0.0434343434343 437
-0.0424242424242 452
-0.0414141414141 435
-0.040404040404 401
-0.0393939393939 397
-0.0383838383838 359
-0.0373737373737 394
-0.0363636363636 371
-0.0353535353535 364
-0.0343434343434 318
-0.0333333333333 357
-0.0323232323232 351
-0.0313131313131 325
-0.030303030303 329
-0.0292929292929 342
-0.0282828282828 304
-0.0272727272727 289
-0.0262626262626 310
-0.0252525252525 292
-0.0242424242424 297
-0.0232323232323 260
-0.0222222222222 275
-0.0212121212121 247
-0.020202020202 244
-0.0191919191919 213
-0.0181818181818 184
-0.0171717171717 190
-0.0161616161616 179
-0.0151515151515 144
-0.0141414141414 165
-0.0131313131313 108
-0.0121212121212 114
-0.0111111111111 105
-0.010101010101 77
-0.00909090909091 58
-0.00808080808081 56
-0.00707070707071 39
-0.00606060606061 33
-0.00505050505051 24
-0.0040404040404 19
-0.0030303030303 11
-0.0020202020202 13
-0.0010101010101 7
0.0 12
0.0010101010101 7
0.0020202020202 13
0.0030303030303 11
0.0040404040404 19
0.00505050505051 24
0.00606060606061 33
0.00707070707071 39
0.00808080808081 56
0.00909090909091 58
0.010101010101 77
0.0111111111111 105
0.0121212121212 114
0.0131313131313 108
0.0141414141414 165
0.0151515151515 144
0.0161616161616 179
0.0171717171717 190
0.0181818181818 184
0.0191919191919 213
0.020202020202 244
0.0212121212121 247
0.0222222222222 275
0.0232323232323 260
0.0242424242424 297
0.0252525252525 292
0.0262626262626 310
0.0272727272727 289
0.0282828282828 304
0.0292929292929 342
0.030303030303 329
0.0313131313131 325
0.0323232323232 351
0.0333333333333 357
0.0343434343434 318
0.0353535353535 364
0.0363636363636 371
0.0373737373737 394
0.0383838383838 359
0.0393939393939 397
0.040404040404 401
0.0414141414141 435
0.0424242424242 452
0.0434343434343 437
0.0444444444444 437
0.0454545454545 407
0.0464646464646 469
0.0474747474747 463
0.0484848484848 441
0.0494949494949 490
0.0505050505051 428
0.0515151515152 454
0.0525252525253 500
0.0535353535354 480
0.0545454545455 525
0.0555555555556 464
0.0565656565657 468
0.0575757575758 534
0.0585858585859 496
0.059595959596 547
0.0606060606061 490
0.0616161616162 539
0.0626262626263 502
0.0636363636364 492
0.0646464646465 553
0.0656565656566 566
0.0666666666667 557
0.0676767676768 551
0.0686868686869 598
0.069696969697 554
0.0707070707071 559
0.0717171717172 571
0.0727272727273 553
0.0737373737374 527
0.0747474747475 601
0.0757575757576 608
0.0767676767677 581
0.0777777777778 573
0.0787878787879 592
0.079797979798 549
0.0808080808081 594
0.0818181818182 602
0.0828282828283 610
0.0838383838384 653
0.0848484848485 608
0.0858585858586 568
0.0868686868687 606
0.0878787878788 577
0.0888888888889 571
0.089898989899 626
0.0909090909091 562
0.0919191919192 605
0.0929292929293 554
0.0939393939394 610
0.0949494949495 597
0.0959595959596 583
0.0969696969697 639
0.0979797979798 603
0.0989898989899 631
0.1 626
