-0.1 300
-0.0989898989899 312
-0.0979797979798 292
-0.0969696969697 340
-0.0959595959596 289
-0.0949494949495 319
-0.0939393939394 291
-0.0929292929293 291
-0.0919191919192 298
-0.0909090909091 307
-0.089898989899 294
-0.0888888888889 279
-0.0878787878788 271
-0.0868686868687 329
-0.0858585858586 270
-0.0848484848485 315
-0.0838383838384 308
-0.0828282828283 303
-0.0818181818182 293
-0.0808080808081 316
-0.079797979798 308
-0.0787878787879 313
-0.0777777777778 331
-0.0767676767677 317
-0.0757575757576 300
-0.0747474747475 303
-0.0737373737374 313
-0.0727272727273 292
-0.0717171717172 304
-0.0707070707071 270
-0.069696969697 294
-0.0686868686869 292
-0.0676767676768 267
-0.0666666666667 283
-0.0656565656566 268
-0.0646464646465 269
-0.0636363636364 254
-0.0626262626263 261
-0.0616161616162 255
-0.0606060606061 246
-0.059595959596 265
-0.0585858585859 285
-0.0575757575758 253
-0.0565656565657 248
-0.0555555555556 224
-0.0545454545455 240
-0.0535353535354 218
-0.0525252525253 246
-0.0515151515152 230
-0.0505050505051 216
-0.0494949494949 215
-0.0484848484848 230
-0.0474747474747 234
-0.0464646464646 221
-0.0454545454545 233
-0.0444444444444 248
-0.0434343434343 199
-0.0424242424242 228
-0.0414141414141 227
-0.040404040404 196
-0.0393939393939 215
-0.0383838383838 213
-0.0373737373737 220
-0.0363636363636 170
-0.0353535353535 183
-0.0343434343434 230
-0.0333333333333 182
-0.0323232323232 177
-0.0313131313131 159
-0.030303030303 171
-0.0292929292929 168
-0.0282828282828 161
-0.0272727272727 150
-0.0262626262626 135
-0.0252525252525 163
-0.0242424242424 152
-0.0232323232323 138
-0.0222222222222 145
-0.0212121212121 117
-0.020202020202 124
-0.0191919191919 112
-0.0181818181818 102
-0.0171717171717 89
-0.0161616161616 97
-0.0151515151515 75
-0.0141414141414 74
-0.0131313131313 79
-0.0121212121212 60
-0.0111111111111 53
-0.010101010101 35
-0.00909090909091 34
-0.00808080808081 32
-0.00707070707071 19
-0.00606060606061 10
-0.00505050505051 8
-0.0040404040404 8
-0.0030303030303 5
-0.0020202020202 4
-0.0010101010101 8
0.0 5
0.0010101010101 8
0.0020202020202 4
0.0030303030303 5
0.0040404040404 8
0.00505050505051 8
0.00606060606061 10
0.00707070707071 19
0.00808080808081 32
0.00909090909091 34
0.010101010101 35
0.0111111111111 53
0.0121212121212 60
0.0131313131313 79
0.0141414141414 74
0.0151515151515 75
0.0161616161616 97
0.0171717171717 89
0.0181818181818 102
0.0191919191919 112
0.020202020202 124
0.0212121212121 117
0.0222222222222 145
0.0232323232323 138
0.0242424242424 152
0.0252525252525 163
0.0262626262626 135
0.0272727272727 150
0.0282828282828 161
0.0292929292929 168
0.030303030303 171
0.0313131313131 159
0.0323232323232 177
0.0333333333333 182
0.0343434343434 230
0.0353535353535 183
0.0363636363636 170
0.0373737373737 220
0.0383838383838 213
0.0393939393939 215
0.040404040404 196
0.0414141414141 227
0.0424242424242 228
0.0434343434343 199
0.0444444444444 248
0.0454545454545 233
0.0464646464646 221
0.0474747474747 234
0.0484848484848 230
0.0494949494949 215
0.0505050505051 216
0.0515151515152 230
0.0525252525253 246
0.0535353535354 218
0.0545454545455 240
0.0555555555556 224
0.0565656565657 248
0.0575757575758 253
0.0585858585859 285
0.059595959596 265
0.0606060606061 246
0.0616161616162 255
0.0626262626263 261
0.0636363636364 254
0.0646464646465 269
0.0656565656566 268
0.0666666666667 283
0.0676767676768 267
0.0686868686869 292
0.069696969697 294
0.0707070707071 270
0.0717171717172 304
0.0727272727273 292
0.0737373737374 313
0.0747474747475 303
0.0757575757576 300
0.0767676767677 317
0.0777777777778 331
0.0787878787879 313
0.079797979798 308
0.0808080808081 316
0.0818181818182 293
0.0828282828283 303
0.0838383838384 308
0.0848484848485 315
0.0858585858586 270
0.0868686868687 329
0.0878787878788 271
0.0888888888889 279
0.089898989899 294
0.0909090909091 307
0.0919191919192 298
0.0929292929293 291
0.0939393939394 291
0.0949494949495 319
0.0959595959596 289
0.0969696969697 340
0.0979797979798 292
0.0989898989899 312
0.1 300
