-0.1 115
-0.0989898989899 126
-0.0979797979798 114
-0.0969696969697 95
-0.0959595959596 120
-0.0949494949495 118
-0.0939393939394 97
-0.0929292929293 121
-0.0919191919192 124
-0.0909090909091 89
-0.089898989899 117
-0.0888888888889 116
-0.0878787878788 109
-0.0868686868687 110
-0.0858585858586 106
-0.0848484848485 118
-0.0838383838384 113
-0.0828282828283 135
-0.0818181818182 100
-0.0808080808081 111
-0.079797979798 117
-0.0787878787879 101
-0.0777777777778 112
-0.0767676767677 106
-0.0757575757576 123
-0.0747474747475 118
-0.0737373737374 122
-0.0727272727273 130
-0.0717171717172 115
-0.0707070707071 120
-0.069696969697 124
-0.0686868686869 125
-0.0676767676768 101
-0.0666666666667 128
-0.0656565656566 107
-0.0646464646465 135
-0.0636363636364 91
-0.0626262626263 111
-0.0616161616162 108
-0.0606060606061 101
-0.059595959596 117
-0.0585858585859 114
-0.0575757575758 103
-0.0565656565657 96
-0.0555555555556 107
-0.0545454545455 96
-0.0535353535354 106
-0.0525252525253 119
-0.0515151515152 90
-0.0505050505051 76
-0.0494949494949 96
-0.0484848484848 108
-0.0474747474747 78
-0.0464646464646 99
-0.0454545454545 95
-0.0444444444444 93
-0.0434343434343 85
-0.0424242424242 73
-0.0414141414141 83
-0.040404040404 76
-0.0393939393939 80
-0.0383838383838 85
-0.0373737373737 69
-0.0363636363636 83
-0.0353535353535 69
-0.0343434343434 69
-0.0333333333333 60
-0.0323232323232 81
-0.0313131313131 76
-0.030303030303 73
-0.0292929292929 66
-0.0282828282828 59
-0.0272727272727 49
-0.0262626262626 59
-0.0252525252525 71
-0.0242424242424 66
-0.0232323232323 35
-0.0222222222222 58
-0.0212121212121 49
-0.020202020202 57
-0.0191919191919 40
-0.0181818181818 44
-0.0171717171717 32
-0.0161616161616 27
-0.0151515151515 25
-0.0141414141414 24
-0.0131313131313 29
-0.0121212121212 20
-0.0111111111111 12
-0.010101010101 8
-0.00909090909091 8
-0.00808080808081 4
-0.00707070707071 5
-0.00606060606061 3
-0.00505050505051 1
-0.0040404040404 2
-0.0030303030303 4
-0.0020202020202 2
-0.0010101010101 1
0.0 0
0.0010101010101 1
0.0020202020202 2
0.0030303030303 4
0.0040404040404 2
0.00505050505051 1
0.00606060606061 3
0.00707070707071 5
0.00808080808081 4
0.00909090909091 8
0.010101010101 8
0.0111111111111 12
0.0121212121212 20
0.0131313131313 29
0.0141414141414 24
0.0151515151515 25
0.0161616161616 27
0.0171717171717 32
0.0181818181818 44
0.0191919191919 40
0.020202020202 57
0.0212121212121 49
0.0222222222222 58
0.0232323232323 35
0.0242424242424 66
0.0252525252525 71
0.0262626262626 59
0.0272727272727 49
0.0282828282828 59
0.0292929292929 66
0.030303030303 73
0.0313131313131 76
0.0323232323232 81
0.0333333333333 60
0.0343434343434 69
0.0353535353535 69
0.0363636363636 83
0.0373737373737 69
0.0383838383838 85
0.0393939393939 80
0.040404040404 76
0.0414141414141 83
0.0424242424242 73
0.0434343434343 85
0.0444444444444 93
0.0454545454545 95
0.0464646464646 99
0.0474747474747 78
0.0484848484848 108
0.0494949494949 96
0.0505050505051 76
0.0515151515152 90
0.0525252525253 119
0.0535353535354 106
0.0545454545455 96
0.0555555555556 107
0.0565656565657 96
0.0575757575758 103
0.0585858585859 114
0.059595959596 117
0.0606060606061 101
0.0616161616162 108
0.0626262626263 111
0.0636363636364 91
0.0646464646465 135
0.0656565656566 107
0.0666666666667 128
0.0676767676768 101
0.0686868686869 125
0.069696969697 124
0.0707070707071 120
0.0717171717172 115
0.0727272727273 130
0.0737373737374 122
0.0747474747475 118
0.0757575757576 123
0.0767676767677 106
0.0777777777778 112
0.0787878787879 101
0.079797979798 117
0.0808080808081 111
0.0818181818182 100
0.0828282828283 135
0.0838383838384 113
0.0848484848485 118
0.0858585858586 106
0.0868686868687 110
0.0878787878788 109
0.0888888888889 116
0.089898989899 117
0.0909090909091 89
0.0919191919192 124
0.0929292929293 121
0.0939393939394 97
0.0949494949495 118
0.0959595959596 120
0.0969696969697 95
0.0979797979798 114
0.0989898989899 126
0.1 115
