-0.1 255
-0.0989898989899 237
-0.0979797979798 271
-0.0969696969697 239
-0.0959595959596 252
-0.0949494949495 229
-0.0939393939394 256
-0.0929292929293 261
-0.0919191919192 262
-0.0909090909091 251
-0.089898989899 240
-0.0888888888889 257
-0.0878787878788 254
-0.0868686868687 244
-0.0858585858586 282
-0.0848484848485 294
-0.0838383838384 332
-0.0828282828283 329
-0.0818181818182 229
-0.0808080808081 222
-0.079797979798 222
-0.0787878787879 235
-0.0777777777778 235
-0.0767676767677 257
-0.0757575757576 262
-0.0747474747475 248
-0.0737373737374 256
-0.0727272727273 230
-0.0717171717172 240
-0.0707070707071 249
-0.069696969697 199
-0.0686868686869 208
-0.0676767676768 225
-0.0666666666667 200
-0.0656565656566 193
-0.0646464646465 214
-0.0636363636364 208
-0.0626262626263 215
-0.0616161616162 184
-0.0606060606061 200
-0.059595959596 199
-0.0585858585859 201
-0.0575757575758 202
-0.0565656565657 169
-0.0555555555556 210
-0.0545454545455 195
-0.0535353535354 176
-0.0525252525253 177
-0.0515151515152 175
-0.0505050505051 176
-0.0494949494949 164
-0.0484848484848 175
-0.0474747474747 170
-0.0464646464646 142
-0.0454545454545 181
-0.0444444444444 143
-0.0434343434343 162
-0.0424242424242 149
-0.0414141414141 147
-0.040404040404 149
-0.0393939393939 179
-0.0383838383838 141
-0.0373737373737 135
-0.0363636363636 133
-0.0353535353535 122
-0.0343434343434 126
-0.0333333333333 130
-0.0323232323232 128
-0.0313131313131 131
-0.030303030303 119
-0.0292929292929 111
-0.0282828282828 123
-0.0272727272727 117
-0.0262626262626 108
-0.0252525252525 103
-0.0242424242424 97
-0.0232323232323 94
-0.0222222222222 82
-0.0212121212121 77
-0.020202020202 102
-0.0191919191919 60
-0.0181818181818 76
-0.0171717171717 65
-0.0161616161616 56
-0.0151515151515 66
-0.0141414141414 65
-0.0131313131313 46
-0.0121212121212 60
-0.0111111111111 57
-0.010101010101 38
-0.00909090909091 27
-0.00808080808081 26
-0.00707070707071 16
-0.00606060606061 19
-0.00505050505051 25
-0.0040404040404 22
-0.0030303030303 24
-0.0020202020202 16
-0.0010101010101 18
0.0 15
0.0010101010101 18
0.0020202020202 16
0.0030303030303 24
0.0040404040404 22
0.00505050505051 25
0.00606060606061 19
0.00707070707071 16
0.00808080808081 26
0.00909090909091 27
0.010101010101 38
0.0111111111111 57
0.0121212121212 60
0.0131313131313 46
0.0141414141414 65
0.0151515151515 66
0.0161616161616 56
0.0171717171717 65
0.0181818181818 76
0.0191919191919 60
0.020202020202 102
0.0212121212121 77
0.0222222222222 82
0.0232323232323 94
0.0242424242424 97
0.0252525252525 103
0.0262626262626 108
0.0272727272727 117
0.0282828282828 123
0.0292929292929 111
0.030303030303 119
0.0313131313131 131
0.0323232323232 128
0.0333333333333 130
0.0343434343434 126
0.0353535353535 122
0.0363636363636 133
0.0373737373737 135
0.0383838383838 141
0.0393939393939 179
0.040404040404 149
0.0414141414141 147
0.0424242424242 149
0.0434343434343 162
0.0444444444444 143
0.0454545454545 181
0.0464646464646 142
0.0474747474747 170
0.0484848484848 175
0.0494949494949 164
0.0505050505051 176
0.0515151515152 175
0.0525252525253 177
0.0535353535354 176
0.0545454545455 195
0.0555555555556 210
0.0565656565657 169
0.0575757575758 202
0.0585858585859 201
0.059595959596 199
0.0606060606061 200
0.0616161616162 184
0.0626262626263 215
0.0636363636364 208
0.0646464646465 214
0.0656565656566 193
0.0666666666667 200
0.0676767676768 225
0.0686868686869 208
0.069696969697 199
0.0707070707071 249
0.0717171717172 240
0.0727272727273 230
0.0737373737374 256
0.0747474747475 248
0.0757575757576 262
0.0767676767677 257
0.0777777777778 235
0.0787878787879 235
0.079797979798 222
0.0808080808081 222
0.0818181818182 229
0.0828282828283 329
0.0838383838384 332
0.0848484848485 294
0.0858585858586 282
0.0868686868687 244
0.0878787878788 254
0.0888888888889 257
0.089898989899 240
0.0909090909091 251
0.0919191919192 262
0.0929292929293 261
0.0939393939394 256
0.0949494949495 229
0.0959595959596 252
0.0969696969697 239
0.0979797979798 271
0.0989898989899 237
0.1 255
