-0.1 742
-0.0989898989899 739
-0.0979797979798 764
-0.0969696969697 751
-0.0959595959596 732
-0.0949494949495 712
-0.0939393939394 778
-0.0929292929293 773
-0.0919191919192 730
-0.0909090909091 743
-0.089898989899 753
-0.0888888888889 683
-0.0878787878788 682
-0.0868686868687 699
-0.0858585858586 720
-0.0848484848485 816
-0.0838383838384 843
-0.0828282828283 762
-0.0818181818182 745
-0.0808080808081 684
-0.079797979798 649
-0.0787878787879 659
-0.0777777777778 693
-0.0767676767677 698
-0.0757575757576 690
-0.0747474747475 678
-0.0737373737374 598
-0.0727272727273 658
-0.0717171717172 677
-0.0707070707071 651
-0.069696969697 614
-0.0686868686869 657
-0.0676767676768 657
-0.0666666666667 615
-0.0656565656566 596
-0.0646464646465 625
-0.0636363636364 602
-0.0626262626263 599
-0.0616161616162 573
-0.0606060606061 596
-0.059595959596 580
-0.0585858585859 630
-0.0575757575758 552
-0.0565656565657 561
-0.0555555555556 586
-0.0545454545455 548
-0.0535353535354 572
-0.0525252525253 545
-0.0515151515152 563
-0.0505050505051 503
-0.0494949494949 559
-0.0484848484848 536
-0.0474747474747 543
-0.0464646464646 495
-0.0454545454545 498
-0.0444444444444 518
-0.0434343434343 480
-0.0424242424242 469
-0.0414141414141 448
-0.040404040404 418
-0.0393939393939 451
-0.0383838383838 414
-0.0373737373737 430
-0.0363636363636 403
-0.0353535353535 402
-0.0343434343434 376
-0.0333333333333 349
-0.0323232323232 368
-0.0313131313131 366
-0.030303030303 395
-0.0292929292929 332
-0.0282828282828 344
-0.0272727272727 305
-0.0262626262626 300
-0.0252525252525 305
-0.0242424242424 277
-0.0232323232323 292
-0.0222222222222 257
-0.0212121212121 237
-0.020202020202 264
-0.0191919191919 255
-0.0181818181818 213
-0.0171717171717 186
-0.0161616161616 193
-0.0151515151515 181
-0.0141414141414 147
-0.0131313131313 144
-0.0121212121212 124
-0.0111111111111 103
-0.010101010101 85
-0.00909090909091 79
-0.00808080808081 53
-0.00707070707071 49
-0.00606060606061 43
-0.00505050505051 24
-0.0040404040404 20
-0.0030303030303 24
-0.0020202020202 16
-0.0010101010101 18
0.0 17
0.0010101010101 18
0.0020202020202 16
0.0030303030303 24
0.0040404040404 20
0.00505050505051 24
0.00606060606061 43
0.00707070707071 49
0.00808080808081 53
0.00909090909091 79
0.010101010101 85
0.0111111111111 103
0.0121212121212 124
0.0131313131313 144
0.0141414141414 147
0.0151515151515 181
0.0161616161616 193
0.0171717171717 186
0.0181818181818 213
0.0191919191919 255
0.020202020202 264
0.0212121212121 237
0.0222222222222 257
0.0232323232323 292
0.0242424242424 277
0.0252525252525 305
0.0262626262626 300
0.0272727272727 305
0.0282828282828 344
0.0292929292929 332
0.030303030303 395
0.0313131313131 366
0.0323232323232 368
0.0333333333333 349
0.0343434343434 376
0.0353535353535 402
0.0363636363636 403
0.0373737373737 430
0.0383838383838 414
0.0393939393939 451
0.040404040404 418
0.0414141414141 448
0.0424242424242 469
0.0434343434343 480
0.0444444444444 518
0.0454545454545 498
0.0464646464646 495
0.0474747474747 543
0.0484848484848 536
0.0494949494949 559
0.0505050505051 503
0.0515151515152 563
0.0525252525253 545
0.0535353535354 572
0.0545454545455 548
0.0555555555556 586
0.0565656565657 561
0.0575757575758 552
0.0585858585859 630
0.059595959596 580
0.0606060606061 596
0.0616161616162 573
0.0626262626263 599
0.0636363636364 602
0.0646464646465 625
0.0656565656566 596
0.0666666666667 615
0.0676767676768 657
0.0686868686869 657
0.069696969697 614
0.0707070707071 651
0.0717171717172 677
0.0727272727273 658
0.0737373737374 598
0.0747474747475 678
0.0757575757576 690
0.0767676767677 698
0.0777777777778 693
0.0787878787879 659
0.079797979798 649
0.0808080808081 684
0.0818181818182 745
0.0828282828283 762
0.0838383838384 843
0.0848484848485 816
0.0858585858586 720
0.0868686868687 699
0.0878787878788 682
0.0888888888889 683
0.089898989899 753
0.0909090909091 743
0.0919191919192 730
0.0929292929293 773
0.0939393939394 778
0.0949494949495 712
0.0959595959596 732
0.0969696969697 751
0.0979797979798 764
0.0989898989899 739
0.1 742
