0.00136416345469 7
0.00330246573853 7
0.00524076802236 11
0.0071790703062 23
0.00911737259003 24
0.0110556748739 29
0.0129939771577 33
0.0149322794415 49
0.0168705817254 46
0.0188088840092 50
0.020747186293 46
0.0226854885769 41
0.0246237908607 41
0.0265620931445 56
0.0285003954284 54
0.0304386977122 56
0.032376999996 64
0.0343153022799 61
0.0362536045637 74
0.0381919068475 81
0.0401302091314 76
0.0420685114152 54
0.0440068136991 99
0.0459451159829 77
0.0478834182667 92
0.0498217205506 88
0.0517600228344 82
0.0536983251182 104
0.0556366274021 85
0.0575749296859 82
0.0595132319697 82
0.0614515342536 95
0.0633898365374 92
0.0653281388212 92
0.0672664411051 105
0.0692047433889 91
0.0711430456727 96
0.0730813479566 96
0.0750196502404 107
0.0769579525242 97
0.0788962548081 107
0.0808345570919 106
0.0827728593757 112
0.0847111616596 115
0.0866494639434 126
0.0885877662272 129
0.0905260685111 109
0.0924643707949 102
0.0944026730788 101
0.0963409753626 119
0.0982792776464 137
0.10021757993 130
0.102155882214 126
0.104094184498 130
0.106032486782 120
0.107970789066 103
0.109909091349 156
0.111847393633 134
0.113785695917 127
0.115723998201 142
0.117662300485 142
0.119600602769 151
0.121538905052 138
0.123477207336 162
0.12541550962 153
0.127353811904 157
0.129292114188 157
0.131230416472 154
0.133168718755 136
0.135107021039 157
0.137045323323 133
0.138983625607 168
0.140921927891 159
0.142860230175 148
0.144798532458 136
0.146736834742 149
0.148675137026 145
0.15061343931 150
0.152551741594 134
0.154490043878 160
0.156428346161 150
0.158366648445 144
0.160304950729 130
0.162243253013 149
0.164181555297 142
0.166119857581 160
0.168058159864 135
0.169996462148 145
0.171934764432 148
0.173873066716 151
0.175811369 125
0.177749671284 154
0.179687973567 154
0.181626275851 145
0.183564578135 127
0.185502880419 138
0.187441182703 131
0.189379484987 139
0.19131778727 156
0.193256089554 132
0.195194391838 145
0.197132694122 138
0.199070996406 131
0.20100929869 126
0.202947600973 128
0.204885903257 133
0.206824205541 122
0.208762507825 141
0.210700810109 125
0.212639112393 131
0.214577414676 104
0.21651571696 108
0.218454019244 125
0.220392321528 100
0.222330623812 111
0.224268926096 105
0.22620722838 103
0.228145530663 97
0.230083832947 87
0.232022135231 77
0.233960437515 78
0.235898739799 92
0.237837042083 81
0.239775344366 78
0.24171364665 101
0.243651948934 78
0.245590251218 77
0.247528553502 67
0.249466855786 53
0.251405158069 70
0.253343460353 62
0.255281762637 72
0.257220064921 67
0.259158367205 64
0.261096669489 54
0.263034971772 62
0.264973274056 55
0.26691157634 56
0.268849878624 62
0.270788180908 52
0.272726483192 48
0.274664785475 55
0.276603087759 39
0.278541390043 52
0.280479692327 46
0.282417994611 53
0.284356296895 43
0.286294599178 44
0.288232901462 46
0.290171203746 45
0.29210950603 32
0.294047808314 39
0.295986110598 41
0.297924412881 33
0.299862715165 30
0.301801017449 38
0.303739319733 39
0.305677622017 30
0.307615924301 26
0.309554226584 38
0.311492528868 33
0.313430831152 33
0.315369133436 37
0.31730743572 28
0.319245738004 30
0.321184040287 17
0.323122342571 18
0.325060644855 12
0.326998947139 18
0.328937249423 18
0.330875551707 12
0.33281385399 8
0.334752156274 16
0.336690458558 5
0.338628760842 18
0.340567063126 8
0.34250536541 13
0.344443667693 9
0.346381969977 13
0.348320272261 9
0.350258574545 9
0.352196876829 7
0.354135179113 9
0.356073481396 6
0.35801178368 9
0.359950085964 7
0.361888388248 5
0.363826690532 6
0.365764992816 3
0.367703295099 3
0.369641597383 3
0.371579899667 7
0.373518201951 3
0.375456504235 3
0.377394806519 3
0.379333108802 2
0.381271411086 5
0.38320971337 3
0.385148015654 1
0.387086317938 1
0.389024620222 3
0.390962922505 2
0.392901224789 1
0.394839527073 3
0.396777829357 2
0.398716131641 2
0.400654433925 0
0.402592736208 1
0.404531038492 0
0.406469340776 1
0.40840764306 0
0.410345945344 0
0.412284247628 1
0.414222549911 2
0.416160852195 0
0.418099154479 1
0.420037456763 0
0.421975759047 0
0.423914061331 0
0.425852363614 0
0.427790665898 0
0.429728968182 1
0.431667270466 0
0.43360557275 0
0.435543875034 0
0.437482177317 0
0.439420479601 0
0.441358781885 1
0.443297084169 0
0.445235386453 1
0.447173688737 0
0.44911199102 0
0.451050293304 0
0.452988595588 0
0.454926897872 0
0.456865200156 0
0.45880350244 0
0.460741804723 0
0.462680107007 1
0.464618409291 0
0.466556711575 0
0.468495013859 1
0.470433316143 0
0.472371618426 0
0.47430992071 0
0.476248222994 0
0.478186525278 1
0.480124827562 0
0.482063129846 2
0.48400143213 0
0.485939734413 0
0.487878036697 0
0.489816338981 0
0.491754641265 0
0.493692943549 0
0.495631245833 0
0.497569548116 0
0.4995078504 1
0.501446152684 0
0.503384454968 0
0.505322757252 0
0.507261059536 1
0.509199361819 0
0.511137664103 0
0.513075966387 2
0.515014268671 0
0.516952570955 1
0.518890873239 0
0.520829175522 0
0.522767477806 2
0.52470578009 0
0.526644082374 0
0.528582384658 1
0.530520686942 0
0.532458989225 1
0.534397291509 0
0.536335593793 0
0.538273896077 0
0.540212198361 0
0.542150500645 0
0.544088802928 0
0.546027105212 0
0.547965407496 2
0.54990370978 0
0.551842012064 0
0.553780314348 0
0.555718616631 0
0.557656918915 0
0.559595221199 0
0.561533523483 3
0.563471825767 1
0.565410128051 1
0.567348430334 2
0.569286732618 2
0.571225034902 3
0.573163337186 1
0.57510163947 0
0.577039941754 1
0.578978244037 0
0.580916546321 0
0.582854848605 1
0.584793150889 0
0.586731453173 0
0.588669755457 1
0.59060805774 1
0.592546360024 0
0.594484662308 0
0.596422964592 0
0.598361266876 1
0.60029956916 0
0.602237871443 0
0.604176173727 2
0.606114476011 1
0.608052778295 0
0.609991080579 0
0.611929382863 2
0.613867685146 0
0.61580598743 1
0.617744289714 0
0.619682591998 1
0.621620894282 0
0.623559196566 1
0.625497498849 1
0.627435801133 0
0.629374103417 0
0.631312405701 1
0.633250707985 1
0.635189010269 0
0.637127312552 0
0.639065614836 0
0.64100391712 0
0.642942219404 0
0.644880521688 0
0.646818823972 0
0.648757126255 0
0.650695428539 1
0.652633730823 1
0.654572033107 0
0.656510335391 0
0.658448637675 1
0.660386939958 1
0.662325242242 1
0.664263544526 0
0.66620184681 0
0.668140149094 0
0.670078451378 0
0.672016753661 1
0.673955055945 0
0.675893358229 0
0.677831660513 1
0.679769962797 1
0.681708265081 0
0.683646567364 1
0.685584869648 1
0.687523171932 0
0.689461474216 0
0.6913997765 0
0.693338078784 0
0.695276381067 0
0.697214683351 0
0.699152985635 2
0.701091287919 0
0.703029590203 1
0.704967892487 0
0.70690619477 2
0.708844497054 0
0.710782799338 0
0.712721101622 0
0.714659403906 0
0.71659770619 0
0.718536008473 1
0.720474310757 0
0.722412613041 1
0.724350915325 0
0.726289217609 0
0.728227519893 0
0.730165822176 0
0.73210412446 0
0.734042426744 0
0.735980729028 1
0.737919031312 0
0.739857333596 0
0.741795635879 0
0.743733938163 0
0.745672240447 1
0.747610542731 0
0.749548845015 0
0.751487147299 0
0.753425449583 0
0.755363751866 0
0.75730205415 0
0.759240356434 0
0.761178658718 0
0.763116961002 0
0.765055263286 1
0.766993565569 0
0.768931867853 0
0.770870170137 0
0.772808472421 0
0.774746774705 1
0.776685076989 1
0.778623379272 0
0.780561681556 0
0.78249998384 0
0.784438286124 0
0.786376588408 0
0.788314890692 0
0.790253192975 1
0.792191495259 0
0.794129797543 0
0.796068099827 1
0.798006402111 0
0.799944704395 0
0.801883006678 0
0.803821308962 0
0.805759611246 0
0.80769791353 0
0.809636215814 0
0.811574518098 0
0.813512820381 0
0.815451122665 0
0.817389424949 0
0.819327727233 1
0.821266029517 0
0.823204331801 0
0.825142634084 0
0.827080936368 0
0.829019238652 0
0.830957540936 0
0.83289584322 0
0.834834145504 0
0.836772447787 0
0.838710750071 0
0.840649052355 0
0.842587354639 0
0.844525656923 0
0.846463959207 0
0.84840226149 0
0.850340563774 0
0.852278866058 0
0.854217168342 0
0.856155470626 0
0.85809377291 0
0.860032075193 0
0.861970377477 0
0.863908679761 0
0.865846982045 0
0.867785284329 0
0.869723586613 0
0.871661888896 0
0.87360019118 0
0.875538493464 0
0.877476795748 0
0.879415098032 0
0.881353400316 0
0.883291702599 1
0.885230004883 0
0.887168307167 1
0.889106609451 0
0.891044911735 0
0.892983214019 0
0.894921516302 0
0.896859818586 0
0.89879812087 0
0.900736423154 0
0.902674725438 0
0.904613027722 0
0.906551330005 0
0.908489632289 0
0.910427934573 0
0.912366236857 0
0.914304539141 0
0.916242841425 0
0.918181143708 0
0.920119445992 0
0.922057748276 0
0.92399605056 0
0.925934352844 0
0.927872655128 0
0.929810957411 0
0.931749259695 0
0.933687561979 0
0.935625864263 0
0.937564166547 0
0.939502468831 0
0.941440771114 0
0.943379073398 0
0.945317375682 0
0.947255677966 0
0.94919398025 1
0.951132282534 0
0.953070584817 0
0.955008887101 0
0.956947189385 0
0.958885491669 0
0.960823793953 0
0.962762096237 0
0.96470039852 0
0.966638700804 0
0.968577003088 0
