0.00257061882638 6
0.00407798249945 4
0.00558534617253 12
0.00709270984561 6
0.00860007351869 12
0.0101074371918 13
0.0116148008648 15
0.0131221645379 19
0.014629528211 25
0.0161368918841 16
0.0176442555572 20
0.0191516192302 27
0.0206589829033 32
0.0221663465764 29
0.0236737102495 38
0.0251810739226 38
0.0266884375956 37
0.0281958012687 38
0.0297031649418 51
0.0312105286149 50
0.0327178922879 42
0.034225255961 42
0.0357326196341 41
0.0372399833072 61
0.0387473469803 64
0.0402547106533 60
0.0417620743264 78
0.0432694379995 65
0.0447768016726 67
0.0462841653456 70
0.0477915290187 73
0.0492988926918 95
0.0508062563649 86
0.052313620038 89
0.053820983711 98
0.0553283473841 75
0.0568357110572 110
0.0583430747303 90
0.0598504384034 102
0.0613578020764 98
0.0628651657495 95
0.0643725294226 110
0.0658798930957 102
0.0673872567687 103
0.0688946204418 113
0.0704019841149 86
0.071909347788 100
0.0734167114611 106
0.0749240751341 110
0.0764314388072 102
0.0779388024803 110
0.0794461661534 102
0.0809535298265 104
0.0824608934995 91
0.0839682571726 100
0.0854756208457 96
0.0869829845188 103
0.0884903481918 101
0.0899977118649 103
0.091505075538 105
0.0930124392111 106
0.0945198028842 95
0.0960271665572 87
0.0975345302303 80
0.0990418939034 88
0.100549257576 85
0.10205662125 81
0.103563984923 84
0.105071348596 88
0.106578712269 66
0.108086075942 81
0.109593439615 94
0.111100803288 99
0.112608166961 95
0.114115530634 76
0.115622894307 60
0.11713025798 76
0.118637621653 73
0.120144985326 65
0.121652349 64
0.123159712673 78
0.124667076346 64
0.126174440019 72
0.127681803692 60
0.129189167365 71
0.130696531038 75
0.132203894711 68
0.133711258384 62
0.135218622057 81
0.13672598573 66
0.138233349403 85
0.139740713077 88
0.14124807675 78
0.142755440423 99
0.144262804096 77
0.145770167769 103
0.147277531442 97
0.148784895115 81
0.150292258788 98
0.151799622461 85
0.153306986134 77
0.154814349807 75
0.15632171348 84
0.157829077153 80
0.159336440827 72
0.1608438045 70
0.162351168173 69
0.163858531846 59
0.165365895519 64
0.166873259192 62
0.168380622865 82
0.169887986538 76
0.171395350211 70
0.172902713884 79
0.174410077557 70
0.17591744123 73
0.177424804903 66
0.178932168577 88
0.18043953225 93
0.181946895923 73
0.183454259596 75
0.184961623269 80
0.186468986942 84
0.187976350615 77
0.189483714288 84
0.190991077961 81
0.192498441634 66
0.194005805307 82
0.19551316898 94
0.197020532653 83
0.198527896327 92
0.20003526 75
0.201542623673 103
0.203049987346 110
0.204557351019 92
0.206064714692 110
0.207572078365 97
0.209079442038 120
0.210586805711 109
0.212094169384 120
0.213601533057 109
0.21510889673 113
0.216616260404 133
0.218123624077 134
0.21963098775 121
0.221138351423 108
0.222645715096 116
0.224153078769 112
0.225660442442 108
0.227167806115 114
0.228675169788 87
0.230182533461 115
0.231689897134 132
0.233197260807 110
0.23470462448 112
0.236211988154 118
0.237719351827 106
0.2392267155 114
0.240734079173 114
0.242241442846 87
0.243748806519 102
0.245256170192 108
0.246763533865 92
0.248270897538 85
0.249778261211 90
0.251285624884 76
0.252792988557 81
0.25430035223 76
0.255807715904 78
0.257315079577 60
0.25882244325 69
0.260329806923 65
0.261837170596 79
0.263344534269 61
0.264851897942 54
0.266359261615 59
0.267866625288 53
0.269373988961 40
0.270881352634 60
0.272388716307 45
0.27389607998 42
0.275403443654 39
0.276910807327 40
0.278418171 44
0.279925534673 26
0.281432898346 22
0.282940262019 32
0.284447625692 36
0.285954989365 33
0.287462353038 27
0.288969716711 26
0.290477080384 25
0.291984444057 16
0.293491807731 21
0.294999171404 25
0.296506535077 26
0.29801389875 11
0.299521262423 10
0.301028626096 17
0.302535989769 15
0.304043353442 18
0.305550717115 18
0.307058080788 16
0.308565444461 15
0.310072808134 15
0.311580171807 13
0.313087535481 14
0.314594899154 12
0.316102262827 20
0.3176096265 13
0.319116990173 12
0.320624353846 9
0.322131717519 12
0.323639081192 11
0.325146444865 6
0.326653808538 8
0.328161172211 8
0.329668535884 8
0.331175899557 2
0.332683263231 4
0.334190626904 7
0.335697990577 6
0.33720535425 5
0.338712717923 6
0.340220081596 6
0.341727445269 1
0.343234808942 0
0.344742172615 5
0.346249536288 2
0.347756899961 5
0.349264263634 5
0.350771627307 4
0.352278990981 6
0.353786354654 7
0.355293718327 2
0.356801082 9
0.358308445673 13
0.359815809346 8
0.361323173019 5
0.362830536692 7
0.364337900365 3
0.365845264038 7
0.367352627711 12
0.368859991384 10
0.370367355058 14
0.371874718731 6
0.373382082404 13
0.374889446077 5
0.37639680975 11
0.377904173423 11
0.379411537096 9
0.380918900769 8
0.382426264442 6
0.383933628115 11
0.385440991788 7
0.386948355461 9
0.388455719134 10
0.389963082808 10
0.391470446481 8
0.392977810154 6
0.394485173827 7
0.3959925375 4
0.397499901173 2
0.399007264846 3
0.400514628519 3
0.402021992192 6
0.403529355865 4
0.405036719538 6
0.406544083211 5
0.408051446884 6
0.409558810558 4
0.411066174231 5
0.412573537904 2
0.414080901577 3
0.41558826525 9
0.417095628923 8
0.418602992596 5
0.420110356269 7
0.421617719942 6
0.423125083615 10
0.424632447288 10
0.426139810961 6
0.427647174634 11
0.429154538308 5
0.430661901981 4
0.432169265654 9
0.433676629327 5
0.435183993 6
0.436691356673 10
0.438198720346 7
0.439706084019 10
0.441213447692 8
0.442720811365 9
0.444228175038 4
0.445735538711 12
0.447242902385 12
0.448750266058 9
0.450257629731 10
0.451764993404 11
0.453272357077 12
0.45477972075 12
0.456287084423 16
0.457794448096 13
0.459301811769 11
0.460809175442 7
0.462316539115 6
0.463823902788 7
0.465331266461 5
0.466838630135 10
0.468345993808 10
0.469853357481 10
0.471360721154 8
0.472868084827 10
0.4743754485 11
0.475882812173 7
0.477390175846 11
0.478897539519 9
0.480404903192 7
0.481912266865 3
0.483419630538 12
0.484926994211 5
0.486434357885 7
0.487941721558 2
0.489449085231 5
0.490956448904 11
0.492463812577 3
0.49397117625 4
0.495478539923 3
0.496985903596 10
0.498493267269 8
0.500000630942 4
0.501507994615 8
0.503015358288 5
0.504522721961 3
0.506030085635 3
0.507537449308 1
0.509044812981 3
0.510552176654 3
0.512059540327 3
0.513566904 5
0.515074267673 1
0.516581631346 2
0.518088995019 2
0.519596358692 1
0.521103722365 5
0.522611086038 4
0.524118449711 2
0.525625813385 5
0.527133177058 3
0.528640540731 4
0.530147904404 2
0.531655268077 1
0.53316263175 2
0.534669995423 5
0.536177359096 4
0.537684722769 1
0.539192086442 4
0.540699450115 2
0.542206813788 4
0.543714177462 2
0.545221541135 8
0.546728904808 2
0.548236268481 0
0.549743632154 2
0.551250995827 2
0.5527583595 1
0.554265723173 3
0.555773086846 6
0.557280450519 2
0.558787814192 2
0.560295177865 2
0.561802541538 5
0.563309905212 2
0.564817268885 2
0.566324632558 1
0.567831996231 0
0.569339359904 1
0.570846723577 2
0.57235408725 1
0.573861450923 0
0.575368814596 0
0.576876178269 2
0.578383541942 0
0.579890905615 1
0.581398269288 0
0.582905632962 0
0.584412996635 1
0.585920360308 1
0.587427723981 1
0.588935087654 0
0.590442451327 0
0.591949815 0
0.593457178673 0
0.594964542346 0
0.596471906019 0
0.597979269692 0
0.599486633365 2
0.600993997038 0
0.602501360712 1
0.604008724385 1
0.605516088058 0
0.607023451731 0
0.608530815404 0
0.610038179077 0
0.61154554275 0
0.613052906423 1
0.614560270096 0
0.616067633769 0
0.617574997442 1
0.619082361115 0
0.620589724789 0
0.622097088462 0
0.623604452135 0
0.625111815808 0
0.626619179481 0
0.628126543154 0
0.629633906827 0
0.6311412705 0
0.632648634173 0
0.634155997846 0
0.635663361519 0
0.637170725192 0
0.638678088865 0
0.640185452539 0
0.641692816212 0
0.643200179885 0
0.644707543558 0
0.646214907231 0
0.647722270904 0
0.649229634577 0
0.65073699825 0
0.652244361923 0
0.653751725596 0
0.655259089269 0
0.656766452942 0
0.658273816615 0
0.659781180289 0
0.661288543962 0
0.662795907635 0
0.664303271308 0
0.665810634981 0
0.667317998654 0
0.668825362327 0
0.670332726 0
0.671840089673 1
0.673347453346 0
0.674854817019 0
0.676362180692 0
0.677869544365 0
0.679376908039 0
0.680884271712 0
0.682391635385 0
0.683898999058 0
0.685406362731 0
0.686913726404 0
0.688421090077 0
0.68992845375 0
0.691435817423 0
0.692943181096 0
0.694450544769 0
0.695957908442 0
0.697465272116 0
0.698972635789 0
0.700479999462 0
0.701987363135 0
0.703494726808 0
0.705002090481 0
0.706509454154 0
0.708016817827 0
0.7095241815 0
0.711031545173 0
0.712538908846 0
0.714046272519 0
0.715553636192 0
0.717060999866 0
0.718568363539 0
0.720075727212 0
0.721583090885 0
0.723090454558 0
0.724597818231 0
0.726105181904 0
0.727612545577 0
0.72911990925 0
0.730627272923 0
0.732134636596 0
0.733642000269 0
0.735149363942 0
0.736656727616 0
0.738164091289 0
0.739671454962 0
0.741178818635 0
0.742686182308 0
0.744193545981 0
0.745700909654 0
0.747208273327 0
0.748715637 0
0.750223000673 0
0.751730364346 0
0.753237728019 0
0.754745091692 0
