0.916296755632 3
0.916538083892 2
0.916779412153 6
0.917020740413 5
0.917262068674 3
0.917503396934 1
0.917744725195 4
0.917986053455 5
0.918227381716 4
0.918468709977 2
0.918710038237 3
0.918951366498 3
0.919192694758 6
0.919434023019 4
0.919675351279 6
0.91991667954 9
0.9201580078 9
0.920399336061 6
0.920640664322 15
0.920881992582 7
0.921123320843 4
0.921364649103 7
0.921605977364 7
0.921847305624 12
0.922088633885 14
0.922329962145 11
0.922571290406 12
0.922812618667 18
0.923053946927 10
0.923295275188 19
0.923536603448 22
0.923777931709 26
0.924019259969 24
0.92426058823 24
0.92450191649 12
0.924743244751 21
0.924984573012 20
0.925225901272 29
0.925467229533 19
0.925708557793 26
0.925949886054 31
0.926191214314 27
0.926432542575 14
0.926673870835 29
0.926915199096 26
0.927156527357 29
0.927397855617 24
0.927639183878 36
0.927880512138 20
0.928121840399 28
0.928363168659 29
0.92860449692 37
0.92884582518 39
0.929087153441 30
0.929328481702 32
0.929569809962 30
0.929811138223 30
0.930052466483 34
0.930293794744 38
0.930535123004 33
0.930776451265 32
0.931017779525 33
0.931259107786 31
0.931500436047 41
0.931741764307 33
0.931983092568 36
0.932224420828 38
0.932465749089 43
0.932707077349 21
0.93294840561 39
0.93318973387 39
0.933431062131 41
0.933672390392 48
0.933913718652 44
0.934155046913 38
0.934396375173 47
0.934637703434 39
0.934879031694 43
0.935120359955 51
0.935361688215 48
0.935603016476 36
0.935844344737 45
0.936085672997 41
0.936327001258 27
0.936568329518 49
0.936809657779 32
0.937050986039 41
0.9372923143 29
0.93753364256 42
0.937774970821 39
0.938016299082 43
0.938257627342 45
0.938498955603 36
0.938740283863 31
0.938981612124 34
0.939222940384 38
0.939464268645 40
0.939705596905 48
0.939946925166 40
0.940188253427 35
0.940429581687 43
0.940670909948 44
0.940912238208 47
0.941153566469 40
0.941394894729 45
0.94163622299 43
0.94187755125 47
0.942118879511 41
0.942360207772 64
0.942601536032 41
0.942842864293 58
0.943084192553 45
0.943325520814 48
0.943566849074 38
0.943808177335 50
0.944049505595 61
0.944290833856 49
0.944532162117 57
0.944773490377 48
0.945014818638 51
0.945256146898 51
0.945497475159 55
0.945738803419 44
0.94598013168 49
0.94622145994 53
0.946462788201 51
0.946704116462 51
0.946945444722 39
0.947186772983 55
0.947428101243 57
0.947669429504 54
0.947910757764 51
0.948152086025 54
0.948393414285 59
0.948634742546 54
0.948876070807 37
0.949117399067 39
0.949358727328 47
0.949600055588 47
0.949841383849 39
0.950082712109 30
0.95032404037 34
0.95056536863 38
0.950806696891 39
0.951048025152 33
0.951289353412 41
0.951530681673 45
0.951772009933 48
0.952013338194 49
0.952254666454 56
0.952495994715 54
0.952737322975 43
0.952978651236 42
0.953219979497 37
0.953461307757 34
0.953702636018 32
0.953943964278 41
0.954185292539 41
0.954426620799 40
0.95466794906 54
0.95490927732 35
0.955150605581 50
0.955391933842 34
0.955633262102 44
0.955874590363 39
0.956115918623 40
0.956357246884 43
0.956598575144 41
0.956839903405 45
0.957081231665 44
0.957322559926 57
0.957563888187 46
0.957805216447 45
0.958046544708 45
0.958287872968 55
0.958529201229 53
0.958770529489 43
0.95901185775 49
0.95925318601 47
0.959494514271 36
0.959735842532 40
0.959977170792 39
0.960218499053 35
0.960459827313 43
0.960701155574 38
0.960942483834 41
0.961183812095 44
0.961425140355 55
0.961666468616 48
0.961907796877 46
0.962149125137 39
0.962390453398 52
0.962631781658 51
0.962873109919 57
0.963114438179 44
0.96335576644 40
0.9635970947 36
0.963838422961 39
0.964079751222 43
0.964321079482 44
0.964562407743 58
0.964803736003 45
0.965045064264 37
0.965286392524 49
0.965527720785 46
0.965769049045 39
0.966010377306 48
0.966251705567 43
0.966493033827 34
0.966734362088 47
0.966975690348 38
0.967217018609 44
0.967458346869 50
0.96769967513 47
0.96794100339 39
0.968182331651 42
0.968423659912 35
0.968664988172 34
0.968906316433 40
0.969147644693 56
0.969388972954 51
0.969630301214 42
0.969871629475 47
0.970112957735 29
0.970354285996 41
0.970595614257 35
0.970836942517 49
0.971078270778 46
0.971319599038 62
0.971560927299 32
0.971802255559 44
0.97204358382 43
0.97228491208 41
0.972526240341 58
0.972767568602 37
0.973008896862 35
0.973250225123 38
0.973491553383 37
0.973732881644 29
0.973974209904 44
0.974215538165 40
0.974456866425 43
0.974698194686 39
0.974939522947 33
0.975180851207 38
0.975422179468 34
0.975663507728 30
0.975904835989 35
0.976146164249 43
0.97638749251 41
0.97662882077 31
0.976870149031 39
0.977111477292 36
0.977352805552 34
0.977594133813 40
0.977835462073 39
0.978076790334 42
0.978318118594 39
0.978559446855 33
0.978800775115 30
0.979042103376 42
0.979283431637 43
0.979524759897 39
0.979766088158 30
0.980007416418 43
0.980248744679 24
0.980490072939 35
0.9807314012 29
0.98097272946 31
0.981214057721 29
0.981455385982 28
0.981696714242 39
0.981938042503 30
0.982179370763 30
0.982420699024 40
0.982662027284 37
0.982903355545 37
0.983144683805 35
0.983386012066 29
0.983627340327 33
0.983868668587 43
0.984109996848 37
0.984351325108 32
0.984592653369 41
0.984833981629 35
0.98507530989 36
0.98531663815 33
0.985557966411 33
0.985799294672 32
0.986040622932 33
0.986281951193 34
0.986523279453 28
0.986764607714 41
0.987005935974 31
0.987247264235 31
0.987488592495 44
0.987729920756 25
0.987971249017 31
0.988212577277 30
0.988453905538 30
0.988695233798 33
0.988936562059 28
0.989177890319 28
0.98941921858 38
0.98966054684 24
0.989901875101 32
0.990143203362 34
0.990384531622 32
0.990625859883 30
0.990867188143 37
0.991108516404 25
0.991349844664 26
0.991591172925 23
0.991832501185 24
0.992073829446 33
0.992315157707 20
0.992556485967 33
0.992797814228 32
0.993039142488 31
0.993280470749 25
0.993521799009 37
0.99376312727 24
0.99400445553 21
0.994245783791 21
0.994487112052 23
0.994728440312 29
0.994969768573 26
0.995211096833 18
0.995452425094 27
0.995693753354 24
0.995935081615 17
0.996176409875 14
0.996417738136 29
0.996659066397 33
0.996900394657 26
0.997141722918 26
0.997383051178 27
0.997624379439 27
0.997865707699 28
0.99810703596 26
0.99834836422 33
0.998589692481 30
0.998831020742 33
0.999072349002 15
0.999313677263 22
0.999555005523 25
0.999796333784 31
1.00003766204 32
1.0002789903 21
1.00052031857 40
1.00076164683 39
1.00100297509 38
1.00124430335 39
1.00148563161 38
1.00172695987 35
1.00196828813 28
1.00220961639 22
1.00245094465 35
1.00269227291 23
1.00293360117 34
1.00317492943 30
1.00341625769 26
1.00365758595 30
1.00389891421 27
1.00414024247 29
1.00438157073 33
1.00462289899 35
1.00486422726 31
1.00510555552 30
1.00534688378 31
1.00558821204 37
1.0058295403 29
1.00607086856 29
1.00631219682 25
1.00655352508 29
1.00679485334 38
1.0070361816 31
1.00727750986 34
1.00751883812 33
1.00776016638 34
1.00800149464 27
1.0082428229 36
1.00848415116 27
1.00872547942 28
1.00896680768 26
1.00920813595 18
1.00944946421 26
1.00969079247 19
1.00993212073 25
1.01017344899 21
1.01041477725 24
1.01065610551 26
1.01089743377 30
1.01113876203 26
1.01138009029 24
1.01162141855 26
1.01186274681 39
1.01210407507 21
1.01234540333 25
1.01258673159 18
1.01282805985 25
1.01306938811 25
1.01331071637 26
1.01355204464 34
1.0137933729 23
1.01403470116 24
1.01427602942 19
1.01451735768 23
1.01475868594 33
1.0150000142 29
1.01524134246 27
1.01548267072 27
1.01572399898 32
1.01596532724 35
1.0162066555 30
1.01644798376 28
1.01668931202 41
1.01693064028 33
1.01717196854 28
1.0174132968 26
1.01765462506 32
1.01789595333 37
1.01813728159 34
1.01837860985 36
1.01861993811 20
1.01886126637 35
1.01910259463 34
1.01934392289 28
1.01958525115 38
1.01982657941 35
1.02006790767 38
1.02030923593 30
1.02055056419 37
1.02079189245 28
1.02103322071 34
1.02127454897 34
1.02151587723 24
1.02175720549 26
1.02199853375 21
1.02223986202 22
1.02248119028 29
1.02272251854 25
1.0229638468 29
1.02320517506 28
1.02344650332 27
1.02368783158 24
1.02392915984 24
1.0241704881 30
1.02441181636 35
1.02465314462 22
1.02489447288 21
1.02513580114 17
1.0253771294 24
1.02561845766 18
1.02585978592 18
1.02610111418 12
1.02634244244 22
1.02658377071 16
1.02682509897 19
1.02706642723 24
1.02730775549 17
1.02754908375 32
1.02779041201 21
1.02803174027 24
1.02827306853 21
1.02851439679 20
1.02875572505 22
1.02899705331 19
1.02923838157 23
1.02947970983 23
1.02972103809 19
1.02996236635 18
1.03020369461 20
1.03044502287 21
1.03068635113 20
1.0309276794 19
1.03116900766 18
1.03141033592 16
1.03165166418 8
1.03189299244 14
1.0321343207 11
1.03237564896 10
1.03261697722 9
1.03285830548 12
1.03309963374 15
1.033340962 15
1.03358229026 12
1.03382361852 19
1.03406494678 4
1.03430627504 9
1.0345476033 8
1.03478893156 8
1.03503025982 4
1.03527158809 7
1.03551291635 5
1.03575424461 2
1.03599557287 3
1.03623690113 2
1.03647822939 8
1.03671955765 3
