0.000958719939764 4
0.00275308076491 5
0.00454744159005 20
0.0063418024152 19
0.00813616324035 33
0.00993052406549 34
0.0117248848906 38
0.0135192457158 36
0.0153136065409 46
0.0171079673661 54
0.0189023281912 65
0.0206966890164 64
0.0224910498415 97
0.0242854106667 88
0.0260797714918 119
0.0278741323169 118
0.0296684931421 157
0.0314628539672 147
0.0332572147924 169
0.0350515756175 170
0.0368459364427 175
0.0386402972678 196
0.040434658093 212
0.0422290189181 189
0.0440233797433 198
0.0458177405684 205
0.0476121013935 214
0.0494064622187 216
0.0512008230438 249
0.052995183869 252
0.0547895446941 255
0.0565839055193 238
0.0583782663444 253
0.0601726271696 241
0.0619669879947 230
0.0637613488198 216
0.065555709645 216
0.0673500704701 204
0.0691444312953 213
0.0709387921204 220
0.0727331529456 215
0.0745275137707 206
0.0763218745959 203
0.078116235421 220
0.0799105962462 240
0.0817049570713 243
0.0834993178964 233
0.0852936787216 266
0.0870880395467 235
0.0888824003719 230
0.090676761197 247
0.0924711220222 249
0.0942654828473 243
0.0960598436725 273
0.0978542044976 277
0.0996485653228 259
0.101442926148 256
0.103237286973 274
0.105031647798 259
0.106826008623 279
0.108620369448 242
0.110414730274 247
0.112209091099 207
0.114003451924 226
0.115797812749 206
0.117592173574 194
0.119386534399 199
0.121180895224 185
0.12297525605 198
0.124769616875 185
0.1265639777 176
0.128358338525 167
0.13015269935 159
0.131947060175 129
0.133741421001 130
0.135535781826 97
0.137330142651 117
0.139124503476 107
0.140918864301 91
0.142713225126 96
0.144507585951 91
0.146301946777 78
0.148096307602 77
0.149890668427 84
0.151685029252 94
0.153479390077 83
0.155273750902 76
0.157068111727 87
0.158862472553 71
0.160656833378 70
0.162451194203 65
0.164245555028 78
0.166039915853 73
0.167834276678 58
0.169628637503 85
0.171422998329 67
0.173217359154 78
0.175011719979 50
0.176806080804 65
0.178600441629 70
0.180394802454 61
0.182189163279 56
0.183983524105 79
0.18577788493 53
0.187572245755 57
0.18936660658 55
0.191160967405 50
0.19295532823 64
0.194749689055 57
0.196544049881 64
0.198338410706 58
0.200132771531 47
0.201927132356 51
0.203721493181 52
0.205515854006 53
0.207310214831 61
0.209104575657 49
0.210898936482 43
0.212693297307 44
0.214487658132 40
0.216282018957 48
0.218076379782 38
0.219870740607 28
0.221665101433 46
0.223459462258 42
0.225253823083 39
0.227048183908 40
0.228842544733 35
0.230636905558 33
0.232431266384 40
0.234225627209 36
0.236019988034 29
0.237814348859 34
0.239608709684 33
0.241403070509 28
0.243197431334 34
0.24499179216 32
0.246786152985 28
0.24858051381 27
0.250374874635 30
0.25216923546 40
0.253963596285 36
0.25575795711 31
0.257552317936 23
0.259346678761 29
0.261141039586 24
0.262935400411 29
0.264729761236 31
0.266524122061 28
0.268318482886 33
0.270112843712 27
0.271907204537 22
0.273701565362 18
0.275495926187 23
0.277290287012 33
0.279084647837 28
0.280879008662 28
0.282673369488 30
0.284467730313 27
0.286262091138 17
0.288056451963 15
0.289850812788 11
0.291645173613 24
0.293439534438 19
0.295233895264 13
0.297028256089 18
0.298822616914 17
0.300616977739 14
0.302411338564 12
0.304205699389 19
0.306000060214 10
0.30779442104 8
0.309588781865 13
0.31138314269 14
0.313177503515 19
0.31497186434 11
0.316766225165 16
0.31856058599 12
0.320354946816 3
0.322149307641 16
0.323943668466 13
0.325738029291 13
0.327532390116 11
0.329326750941 10
0.331121111766 9
0.332915472592 11
0.334709833417 7
0.336504194242 7
0.338298555067 9
0.340092915892 8
0.341887276717 9
0.343681637543 9
0.345475998368 8
0.347270359193 12
0.349064720018 19
0.350859080843 7
0.352653441668 7
0.354447802493 7
0.356242163319 7
0.358036524144 15
0.359830884969 14
0.361625245794 9
0.363419606619 16
0.365213967444 21
0.367008328269 12
0.368802689095 12
0.37059704992 10
0.372391410745 20
0.37418577157 15
0.375980132395 21
0.37777449322 33
0.379568854045 26
0.381363214871 22
0.383157575696 30
0.384951936521 26
0.386746297346 36
0.388540658171 27
0.390335018996 34
0.392129379821 24
0.393923740647 25
0.395718101472 29
0.397512462297 32
0.399306823122 41
0.401101183947 42
0.402895544772 30
0.404689905597 28
0.406484266423 30
0.408278627248 30
0.410072988073 24
0.411867348898 26
0.413661709723 37
0.415456070548 23
0.417250431373 22
0.419044792199 31
0.420839153024 24
0.422633513849 27
0.424427874674 24
0.426222235499 21
0.428016596324 21
0.429810957149 14
0.431605317975 23
0.4333996788 26
0.435194039625 15
0.43698840045 25
0.438782761275 17
0.4405771221 20
0.442371482926 15
0.444165843751 16
0.445960204576 14
0.447754565401 16
0.449548926226 11
0.451343287051 8
0.453137647876 18
0.454932008702 24
0.456726369527 18
0.458520730352 14
0.460315091177 11
0.462109452002 8
0.463903812827 7
0.465698173652 12
0.467492534478 19
0.469286895303 10
0.471081256128 11
0.472875616953 13
0.474669977778 9
0.476464338603 9
0.478258699428 10
0.480053060254 9
0.481847421079 8
0.483641781904 10
0.485436142729 10
0.487230503554 12
0.489024864379 12
0.490819225204 10
0.49261358603 10
0.494407946855 7
0.49620230768 5
0.497996668505 2
0.49979102933 4
0.501585390155 0
0.50337975098 1
0.505174111806 2
0.506968472631 0
0.508762833456 0
0.510557194281 3
0.512351555106 0
0.514145915931 1
0.515940276756 0
0.517734637582 1
0.519528998407 1
0.521323359232 1
0.523117720057 0
0.524912080882 0
0.526706441707 0
0.528500802532 1
0.530295163358 0
0.532089524183 1
0.533883885008 1
0.535678245833 0
0.537472606658 1
0.539266967483 0
0.541061328308 0
0.542855689134 0
0.544650049959 0
0.546444410784 1
0.548238771609 1
0.550033132434 0
0.551827493259 0
0.553621854085 0
0.55541621491 1
0.557210575735 0
0.55900493656 0
0.560799297385 0
0.56259365821 0
0.564388019035 0
0.566182379861 1
0.567976740686 0
0.569771101511 0
0.571565462336 1
0.573359823161 0
0.575154183986 0
0.576948544811 0
0.578742905637 0
0.580537266462 0
0.582331627287 0
0.584125988112 0
0.585920348937 0
0.587714709762 0
0.589509070587 0
0.591303431413 0
0.593097792238 1
0.594892153063 0
0.596686513888 0
0.598480874713 0
0.600275235538 1
0.602069596363 1
0.603863957189 0
0.605658318014 0
0.607452678839 0
0.609247039664 0
0.611041400489 0
0.612835761314 0
0.614630122139 0
0.616424482965 0
0.61821884379 1
0.620013204615 0
0.62180756544 0
0.623601926265 0
0.62539628709 0
0.627190647915 1
0.628985008741 0
0.630779369566 0
0.632573730391 1
0.634368091216 1
0.636162452041 0
0.637956812866 0
0.639751173691 1
0.641545534517 1
0.643339895342 0
0.645134256167 0
0.646928616992 1
0.648722977817 0
0.650517338642 0
0.652311699468 0
0.654106060293 0
0.655900421118 0
0.657694781943 0
0.659489142768 0
0.661283503593 1
0.663077864418 1
0.664872225244 0
0.666666586069 0
0.668460946894 0
0.670255307719 0
0.672049668544 0
0.673844029369 0
0.675638390194 0
0.67743275102 0
0.679227111845 0
0.68102147267 0
0.682815833495 0
0.68461019432 1
0.686404555145 1
0.68819891597 1
0.689993276796 0
0.691787637621 0
0.693581998446 0
0.695376359271 0
0.697170720096 0
0.698965080921 0
0.700759441746 0
0.702553802572 0
0.704348163397 0
0.706142524222 0
0.707936885047 0
0.709731245872 0
0.711525606697 0
0.713319967522 0
0.715114328348 0
0.716908689173 0
0.718703049998 0
0.720497410823 0
0.722291771648 0
0.724086132473 0
0.725880493298 0
0.727674854124 0
0.729469214949 0
0.731263575774 0
0.733057936599 0
0.734852297424 0
0.736646658249 0
0.738441019074 1
0.7402353799 0
0.742029740725 0
0.74382410155 0
0.745618462375 0
0.7474128232 0
0.749207184025 0
0.75100154485 0
0.752795905676 0
0.754590266501 0
0.756384627326 0
0.758178988151 0
0.759973348976 0
0.761767709801 0
0.763562070627 0
0.765356431452 0
0.767150792277 0
0.768945153102 0
0.770739513927 0
0.772533874752 0
0.774328235577 0
0.776122596403 0
0.777916957228 0
0.779711318053 0
0.781505678878 1
0.783300039703 0
0.785094400528 0
0.786888761353 0
0.788683122179 0
0.790477483004 0
0.792271843829 1
0.794066204654 0
0.795860565479 0
0.797654926304 0
0.799449287129 1
0.801243647955 0
0.80303800878 0
0.804832369605 0
0.80662673043 0
0.808421091255 0
0.81021545208 0
0.812009812905 0
0.813804173731 0
0.815598534556 0
0.817392895381 0
0.819187256206 0
0.820981617031 0
0.822775977856 0
0.824570338681 0
0.826364699507 0
0.828159060332 0
0.829953421157 0
0.831747781982 0
0.833542142807 0
0.835336503632 0
0.837130864457 0
0.838925225283 0
0.840719586108 0
0.842513946933 0
0.844308307758 0
0.846102668583 0
0.847897029408 0
0.849691390233 0
0.851485751059 0
0.853280111884 0
0.855074472709 0
0.856868833534 0
0.858663194359 0
0.860457555184 0
0.862251916009 0
0.864046276835 0
0.86584063766 0
0.867634998485 0
0.86942935931 0
0.871223720135 1
0.87301808096 1
0.874812441786 0
0.876606802611 0
0.878401163436 0
0.880195524261 0
0.881989885086 0
0.883784245911 0
0.885578606736 0
0.887372967562 0
0.889167328387 0
0.890961689212 0
0.892756050037 0
0.894550410862 0
0.896344771687 0
