0.000375957160725 6
0.00214735045188 3
0.00391874374304 2
0.0056901370342 4
0.00746153032536 4
0.00923292361653 5
0.0110043169077 6
0.0127757101988 7
0.01454710349 11
0.0163184967812 9
0.0180898900723 9
0.0198612833635 15
0.0216326766546 19
0.0234040699458 19
0.025175463237 18
0.0269468565281 23
0.0287182498193 14
0.0304896431104 23
0.0322610364016 28
0.0340324296928 26
0.0358038229839 30
0.0375752162751 42
0.0393466095662 39
0.0411180028574 43
0.0428893961486 38
0.0446607894397 49
0.0464321827309 63
0.048203576022 41
0.0499749693132 60
0.0517463626044 62
0.0535177558955 74
0.0552891491867 71
0.0570605424778 108
0.058831935769 83
0.0606033290602 98
0.0623747223513 87
0.0641461156425 112
0.0659175089336 114
0.0676889022248 130
0.069460295516 130
0.0712316888071 119
0.0730030820983 122
0.0747744753894 137
0.0765458686806 134
0.0783172619718 138
0.0800886552629 154
0.0818600485541 139
0.0836314418452 135
0.0854028351364 165
0.0871742284276 129
0.0889456217187 158
0.0907170150099 164
0.092488408301 174
0.0942598015922 163
0.0960311948834 189
0.0978025881745 182
0.0995739814657 192
0.101345374757 178
0.103116768048 177
0.104888161339 228
0.10665955463 183
0.108430947921 204
0.110202341213 210
0.111973734504 210
0.113745127795 230
0.115516521086 225
0.117287914377 202
0.119059307668 205
0.12083070096 215
0.122602094251 201
0.124373487542 192
0.126144880833 217
0.127916274124 216
0.129687667415 239
0.131459060707 231
0.133230453998 208
0.135001847289 214
0.13677324058 214
0.138544633871 215
0.140316027162 208
0.142087420454 217
0.143858813745 217
0.145630207036 215
0.147401600327 232
0.149172993618 221
0.150944386909 236
0.1527157802 206
0.154487173492 226
0.156258566783 199
0.158029960074 209
0.159801353365 203
0.161572746656 235
0.163344139947 212
0.165115533239 212
0.16688692653 225
0.168658319821 233
0.170429713112 196
0.172201106403 213
0.173972499694 219
0.175743892986 222
0.177515286277 231
0.179286679568 194
0.181058072859 204
0.18282946615 197
0.184600859441 190
0.186372252733 197
0.188143646024 187
0.189915039315 194
0.191686432606 209
0.193457825897 194
0.195229219188 172
0.197000612479 166
0.198772005771 148
0.200543399062 130
0.202314792353 148
0.204086185644 157
0.205857578935 161
0.207628972226 120
0.209400365518 145
0.211171758809 128
0.2129431521 133
0.214714545391 136
0.216485938682 125
0.218257331973 112
0.220028725265 94
0.221800118556 107
0.223571511847 98
0.225342905138 94
0.227114298429 89
0.22888569172 88
0.230657085012 77
0.232428478303 104
0.234199871594 100
0.235971264885 92
0.237742658176 97
0.239514051467 91
0.241285444758 56
0.24305683805 85
0.244828231341 67
0.246599624632 72
0.248371017923 67
0.250142411214 72
0.251913804505 59
0.253685197797 73
0.255456591088 52
0.257227984379 49
0.25899937767 46
0.260770770961 48
0.262542164252 43
0.264313557544 35
0.266084950835 29
0.267856344126 26
0.269627737417 24
0.271399130708 19
0.273170523999 29
0.274941917291 17
0.276713310582 23
0.278484703873 27
0.280256097164 19
0.282027490455 16
0.283798883746 18
0.285570277037 11
0.287341670329 11
0.28911306362 5
0.290884456911 11
0.292655850202 11
0.294427243493 10
0.296198636784 14
0.297970030076 7
0.299741423367 7
0.301512816658 6
0.303284209949 7
0.30505560324 3
0.306826996531 13
0.308598389823 8
0.310369783114 4
0.312141176405 9
0.313912569696 10
0.315683962987 10
0.317455356278 6
0.31922674957 4
0.320998142861 0
0.322769536152 2
0.324540929443 3
0.326312322734 2
0.328083716025 1
0.329855109316 0
0.331626502608 0
0.333397895899 2
0.33516928919 2
0.336940682481 1
0.338712075772 2
0.340483469063 3
0.342254862355 1
0.344026255646 2
0.345797648937 0
0.347569042228 0
0.349340435519 0
0.35111182881 0
0.352883222102 0
0.354654615393 0
0.356426008684 0
0.358197401975 1
0.359968795266 1
0.361740188557 0
0.363511581849 0
0.36528297514 0
0.367054368431 1
0.368825761722 1
0.370597155013 0
0.372368548304 1
0.374139941595 2
0.375911334887 1
0.377682728178 0
0.379454121469 0
0.38122551476 0
0.382996908051 2
0.384768301342 0
0.386539694634 0
0.388311087925 1
0.390082481216 0
0.391853874507 1
0.393625267798 0
0.395396661089 0
0.397168054381 0
0.398939447672 0
0.400710840963 1
0.402482234254 0
0.404253627545 1
0.406025020836 0
0.407796414128 0
0.409567807419 0
0.41133920071 0
0.413110594001 1
0.414881987292 1
0.416653380583 0
0.418424773874 0
0.420196167166 0
0.421967560457 0
0.423738953748 1
0.425510347039 2
0.42728174033 0
0.429053133621 0
0.430824526913 0
0.432595920204 1
0.434367313495 3
0.436138706786 0
0.437910100077 2
0.439681493368 1
0.44145288666 1
0.443224279951 2
0.444995673242 1
0.446767066533 1
0.448538459824 1
0.450309853115 2
0.452081246407 0
0.453852639698 1
0.455624032989 2
0.45739542628 2
0.459166819571 2
0.460938212862 1
0.462709606154 1
0.464480999445 0
0.466252392736 1
0.468023786027 1
0.469795179318 2
0.471566572609 1
0.4733379659 0
0.475109359192 0
0.476880752483 0
0.478652145774 0
0.480423539065 2
0.482194932356 4
0.483966325647 0
0.485737718939 0
0.48750911223 1
0.489280505521 0
0.491051898812 1
0.492823292103 1
0.494594685394 2
0.496366078686 0
0.498137471977 0
0.499908865268 0
0.501680258559 0
0.50345165185 1
0.505223045141 0
0.506994438433 1
0.508765831724 1
0.510537225015 0
0.512308618306 3
0.514080011597 0
0.515851404888 1
0.517622798179 1
0.519394191471 2
0.521165584762 3
0.522936978053 0
0.524708371344 1
0.526479764635 0
0.528251157926 1
0.530022551218 1
0.531793944509 0
0.5335653378 2
0.535336731091 1
0.537108124382 2
0.538879517673 0
0.540650910965 1
0.542422304256 1
0.544193697547 0
0.545965090838 1
0.547736484129 2
0.54950787742 2
0.551279270712 1
0.553050664003 0
0.554822057294 1
0.556593450585 0
0.558364843876 0
0.560136237167 0
0.561907630458 1
0.56367902375 1
0.565450417041 0
0.567221810332 2
0.568993203623 1
0.570764596914 0
0.572535990205 1
0.574307383497 1
0.576078776788 2
0.577850170079 2
0.57962156337 0
0.581392956661 0
0.583164349952 1
0.584935743244 1
0.586707136535 0
0.588478529826 1
0.590249923117 0
0.592021316408 0
0.593792709699 1
0.595564102991 1
0.597335496282 0
0.599106889573 0
0.600878282864 1
0.602649676155 0
0.604421069446 1
0.606192462737 1
0.607963856029 0
0.60973524932 2
0.611506642611 0
0.613278035902 1
0.615049429193 0
0.616820822484 0
0.618592215776 0
0.620363609067 1
0.622135002358 0
0.623906395649 1
0.62567778894 1
0.627449182231 0
0.629220575523 0
0.630991968814 1
0.632763362105 1
0.634534755396 0
0.636306148687 2
0.638077541978 0
0.63984893527 0
0.641620328561 1
0.643391721852 0
0.645163115143 0
0.646934508434 0
0.648705901725 0
0.650477295016 0
0.652248688308 0
0.654020081599 1
0.65579147489 0
0.657562868181 1
0.659334261472 1
0.661105654763 0
0.662877048055 1
0.664648441346 1
0.666419834637 0
0.668191227928 0
0.669962621219 0
0.67173401451 0
0.673505407802 0
0.675276801093 1
0.677048194384 0
0.678819587675 0
0.680590980966 0
0.682362374257 0
0.684133767549 0
0.68590516084 0
0.687676554131 1
0.689447947422 0
0.691219340713 0
0.692990734004 0
0.694762127295 0
0.696533520587 0
0.698304913878 2
0.700076307169 0
0.70184770046 1
0.703619093751 0
0.705390487042 0
0.707161880334 0
0.708933273625 0
0.710704666916 0
0.712476060207 0
0.714247453498 1
0.716018846789 0
0.717790240081 0
0.719561633372 0
0.721333026663 0
0.723104419954 0
0.724875813245 0
0.726647206536 0
0.728418599828 0
0.730189993119 0
0.73196138641 0
0.733732779701 0
0.735504172992 0
0.737275566283 0
0.739046959574 0
0.740818352866 0
0.742589746157 0
0.744361139448 0
0.746132532739 1
0.74790392603 0
0.749675319321 0
0.751446712613 0
0.753218105904 0
0.754989499195 0
0.756760892486 0
0.758532285777 0
0.760303679068 0
0.76207507236 1
0.763846465651 0
0.765617858942 0
0.767389252233 1
0.769160645524 0
0.770932038815 0
0.772703432107 1
0.774474825398 0
0.776246218689 0
0.77801761198 1
0.779789005271 0
0.781560398562 0
0.783331791853 0
0.785103185145 1
0.786874578436 1
0.788645971727 0
0.790417365018 0
0.792188758309 0
0.7939601516 0
0.795731544892 0
0.797502938183 2
0.799274331474 0
0.801045724765 0
0.802817118056 0
0.804588511347 0
0.806359904639 0
0.80813129793 0
0.809902691221 0
0.811674084512 0
0.813445477803 0
0.815216871094 0
0.816988264386 0
0.818759657677 1
0.820531050968 0
0.822302444259 0
0.82407383755 0
0.825845230841 0
0.827616624132 0
0.829388017424 0
0.831159410715 0
0.832930804006 0
0.834702197297 0
0.836473590588 0
0.838244983879 0
0.840016377171 0
0.841787770462 0
0.843559163753 0
0.845330557044 0
0.847101950335 0
0.848873343626 0
0.850644736918 0
0.852416130209 0
0.8541875235 0
0.855958916791 0
0.857730310082 0
0.859501703373 0
0.861273096665 0
0.863044489956 1
0.864815883247 0
0.866587276538 1
0.868358669829 0
0.87013006312 0
0.871901456411 0
0.873672849703 0
0.875444242994 0
0.877215636285 0
0.878987029576 0
0.880758422867 0
0.882529816158 0
0.88430120945 1
