0.693225316769 3
0.693672341373 5
0.694119365976 6
0.694566390579 4
0.695013415182 11
0.695460439785 3
0.695907464389 6
0.696354488992 3
0.696801513595 6
0.697248538198 3
0.697695562802 4
0.698142587405 3
0.698589612008 4
0.699036636611 2
0.699483661214 3
0.699930685818 6
0.700377710421 5
0.700824735024 2
0.701271759627 5
0.70171878423 6
0.702165808834 6
0.702612833437 4
0.70305985804 2
0.703506882643 2
0.703953907247 4
0.70440093185 5
0.704847956453 3
0.705294981056 6
0.705742005659 3
0.706189030263 5
0.706636054866 4
0.707083079469 5
0.707530104072 6
0.707977128676 4
0.708424153279 9
0.708871177882 4
0.709318202485 5
0.709765227088 5
0.710212251692 9
0.710659276295 5
0.711106300898 4
0.711553325501 7
0.712000350105 5
0.712447374708 6
0.712894399311 8
0.713341423914 7
0.713788448517 5
0.714235473121 2
0.714682497724 8
0.715129522327 6
0.71557654693 8
0.716023571534 6
0.716470596137 6
0.71691762074 2
0.717364645343 7
0.717811669946 7
0.71825869455 9
0.718705719153 4
0.719152743756 5
0.719599768359 9
0.720046792963 2
0.720493817566 6
0.720940842169 9
0.721387866772 5
0.721834891375 6
0.722281915979 3
0.722728940582 5
0.723175965185 7
0.723622989788 6
0.724070014391 5
0.724517038995 6
0.724964063598 7
0.725411088201 5
0.725858112804 4
0.726305137408 1
0.726752162011 8
0.727199186614 5
0.727646211217 6
0.72809323582 3
0.728540260424 5
0.728987285027 5
0.72943430963 6
0.729881334233 5
0.730328358837 3
0.73077538344 4
0.731222408043 4
0.731669432646 2
0.732116457249 6
0.732563481853 8
0.733010506456 3
0.733457531059 8
0.733904555662 11
0.734351580266 6
0.734798604869 5
0.735245629472 3
0.735692654075 9
0.736139678678 6
0.736586703282 4
0.737033727885 8
0.737480752488 10
0.737927777091 3
0.738374801695 9
0.738821826298 6
0.739268850901 7
0.739715875504 4
0.740162900107 12
0.740609924711 6
0.741056949314 6
0.741503973917 6
0.74195099852 3
0.742398023124 4
0.742845047727 6
0.74329207233 8
0.743739096933 8
0.744186121536 6
0.74463314614 8
0.745080170743 6
0.745527195346 11
0.745974219949 4
0.746421244552 5
0.746868269156 7
0.747315293759 1
0.747762318362 6
0.748209342965 8
0.748656367569 11
0.749103392172 7
0.749550416775 11
0.749997441378 9
0.750444465981 10
0.750891490585 12
0.751338515188 4
0.751785539791 6
0.752232564394 12
0.752679588998 7
0.753126613601 12
0.753573638204 5
0.754020662807 10
0.75446768741 9
0.754914712014 12
0.755361736617 11
0.75580876122 14
0.756255785823 8
0.756702810427 9
0.75714983503 7
0.757596859633 7
0.758043884236 8
0.758490908839 14
0.758937933443 6
0.759384958046 11
0.759831982649 12
0.760279007252 7
0.760726031856 14
0.761173056459 7
0.761620081062 12
0.762067105665 8
0.762514130268 11
0.762961154872 21
0.763408179475 19
0.763855204078 16
0.764302228681 21
0.764749253284 18
0.765196277888 16
0.765643302491 10
0.766090327094 20
0.766537351697 19
0.766984376301 14
0.767431400904 19
0.767878425507 21
0.76832545011 11
0.768772474713 14
0.769219499317 22
0.76966652392 12
0.770113548523 14
0.770560573126 17
0.77100759773 20
0.771454622333 24
0.771901646936 29
0.772348671539 18
0.772795696142 22
0.773242720746 19
0.773689745349 32
0.774136769952 18
0.774583794555 18
0.775030819159 21
0.775477843762 30
0.775924868365 17
0.776371892968 17
0.776818917571 24
0.777265942175 24
0.777712966778 23
0.778159991381 15
0.778607015984 19
0.779054040588 15
0.779501065191 37
0.779948089794 29
0.780395114397 25
0.780842139 24
0.781289163604 28
0.781736188207 25
0.78218321281 26
0.782630237413 30
0.783077262017 27
0.78352428662 25
0.783971311223 37
0.784418335826 26
0.784865360429 28
0.785312385033 27
0.785759409636 34
0.786206434239 25
0.786653458842 31
0.787100483445 36
0.787547508049 39
0.787994532652 40
0.788441557255 43
0.788888581858 29
0.789335606462 37
0.789782631065 38
0.790229655668 24
0.790676680271 34
0.791123704874 30
0.791570729478 46
0.792017754081 33
0.792464778684 41
0.792911803287 38
0.793358827891 55
0.793805852494 34
0.794252877097 36
0.7946999017 37
0.795146926303 45
0.795593950907 39
0.79604097551 51
0.796488000113 38
0.796935024716 41
0.79738204932 54
0.797829073923 44
0.798276098526 53
0.798723123129 33
0.799170147732 33
0.799617172336 57
0.800064196939 37
0.800511221542 49
0.800958246145 58
0.801405270749 50
0.801852295352 51
0.802299319955 52
0.802746344558 61
0.803193369161 54
0.803640393765 50
0.804087418368 55
0.804534442971 62
0.804981467574 63
0.805428492178 59
0.805875516781 66
0.806322541384 76
0.806769565987 61
0.80721659059 55
0.807663615194 62
0.808110639797 46
0.8085576644 60
0.809004689003 56
0.809451713606 57
0.80989873821 58
0.810345762813 55
0.810792787416 66
0.811239812019 72
0.811686836623 40
0.812133861226 56
0.812580885829 55
0.813027910432 59
0.813474935035 65
0.813921959639 46
0.814368984242 55
0.814816008845 73
0.815263033448 67
0.815710058052 67
0.816157082655 76
0.816604107258 58
0.817051131861 76
0.817498156464 66
0.817945181068 50
0.818392205671 68
0.818839230274 67
0.819286254877 59
0.819733279481 69
0.820180304084 77
0.820627328687 82
0.82107435329 50
0.821521377893 71
0.821968402497 89
0.8224154271 78
0.822862451703 81
0.823309476306 91
0.82375650091 71
0.824203525513 72
0.824650550116 94
0.825097574719 79
0.825544599322 84
0.825991623926 84
0.826438648529 78
0.826885673132 96
0.827332697735 86
0.827779722338 92
0.828226746942 87
0.828673771545 73
0.829120796148 96
0.829567820751 93
0.830014845355 90
0.830461869958 77
0.830908894561 92
0.831355919164 91
0.831802943767 99
0.832249968371 73
0.832696992974 79
0.833144017577 77
0.83359104218 83
0.834038066784 76
0.834485091387 96
0.83493211599 77
0.835379140593 90
0.835826165196 82
0.8362731898 82
0.836720214403 86
0.837167239006 100
0.837614263609 71
0.838061288213 78
0.838508312816 71
0.838955337419 72
0.839402362022 78
0.839849386625 94
0.840296411229 88
0.840743435832 75
0.841190460435 95
0.841637485038 83
0.842084509642 93
0.842531534245 84
0.842978558848 94
0.843425583451 87
0.843872608054 104
0.844319632658 93
0.844766657261 89
0.845213681864 86
0.845660706467 102
0.846107731071 82
0.846554755674 90
0.847001780277 88
0.84744880488 96
0.847895829483 101
0.848342854087 84
0.84878987869 103
0.849236903293 85
0.849683927896 78
0.850130952499 96
0.850577977103 105
0.851025001706 101
0.851472026309 73
0.851919050912 72
0.852366075516 89
0.852813100119 93
0.853260124722 79
0.853707149325 95
0.854154173928 70
0.854601198532 87
0.855048223135 84
0.855495247738 80
0.855942272341 80
0.856389296945 88
0.856836321548 70
0.857283346151 85
0.857730370754 80
0.858177395357 82
0.858624419961 63
0.859071444564 89
0.859518469167 79
0.85996549377 77
0.860412518374 79
0.860859542977 61
0.86130656758 84
0.861753592183 64
0.862200616786 75
0.86264764139 89
0.863094665993 67
0.863541690596 59
0.863988715199 67
0.864435739803 74
0.864882764406 67
0.865329789009 67
0.865776813612 93
0.866223838215 80
0.866670862819 76
0.867117887422 84
0.867564912025 76
0.868011936628 71
0.868458961232 80
0.868905985835 67
0.869353010438 46
0.869800035041 65
0.870247059644 87
0.870694084248 74
0.871141108851 77
0.871588133454 75
0.872035158057 66
0.87248218266 79
0.872929207264 70
0.873376231867 79
0.87382325647 94
0.874270281073 77
0.874717305677 83
0.87516433028 75
0.875611354883 95
0.876058379486 69
0.876505404089 74
0.876952428693 74
0.877399453296 76
0.877846477899 62
0.878293502502 68
0.878740527106 62
0.879187551709 88
0.879634576312 64
0.880081600915 70
0.880528625518 62
0.880975650122 53
0.881422674725 62
0.881869699328 68
0.882316723931 61
0.882763748535 92
0.883210773138 85
0.883657797741 62
0.884104822344 43
0.884551846947 56
0.884998871551 68
0.885445896154 59
0.885892920757 56
0.88633994536 53
0.886786969964 54
0.887233994567 54
0.88768101917 59
0.888128043773 57
0.888575068376 54
0.88902209298 56
0.889469117583 60
0.889916142186 39
0.890363166789 56
0.890810191392 52
0.891257215996 53
0.891704240599 36
0.892151265202 40
0.892598289805 44
0.893045314409 44
0.893492339012 60
0.893939363615 41
0.894386388218 48
0.894833412821 42
0.895280437425 34
0.895727462028 32
0.896174486631 50
0.896621511234 27
0.897068535838 36
0.897515560441 45
0.897962585044 34
0.898409609647 39
0.89885663425 38
0.899303658854 40
0.899750683457 46
0.90019770806 32
0.900644732663 35
0.901091757267 27
0.90153878187 38
0.901985806473 34
0.902432831076 30
0.902879855679 35
0.903326880283 36
0.903773904886 36
0.904220929489 38
0.904667954092 38
0.905114978696 35
0.905562003299 25
0.906009027902 20
0.906456052505 11
0.906903077108 22
0.907350101712 35
0.907797126315 19
0.908244150918 25
0.908691175521 20
0.909138200125 19
0.909585224728 22
0.910032249331 18
0.910479273934 16
0.910926298537 12
0.911373323141 16
0.911820347744 9
0.912267372347 10
0.91271439695 7
0.913161421553 13
0.913608446157 10
0.91405547076 15
0.914502495363 7
0.914949519966 15
0.91539654457 17
0.915843569173 7
0.916290593776 8
