0.00515124774984 2
0.00692307154633 0
0.00869489534282 2
0.0104667191393 2
0.0122385429358 0
0.0140103667323 2
0.0157821905288 3
0.0175540143253 2
0.0193258381217 5
0.0210976619182 7
0.0228694857147 3
0.0246413095112 2
0.0264131333077 1
0.0281849571042 2
0.0299567809007 7
0.0317286046972 3
0.0335004284937 1
0.0352722522901 8
0.0370440760866 4
0.0388158998831 5
0.0405877236796 14
0.0423595474761 8
0.0441313712726 5
0.0459031950691 15
0.0476750188656 11
0.049446842662 11
0.0512186664585 8
0.052990490255 7
0.0547623140515 5
0.056534137848 11
0.0583059616445 15
0.060077785441 15
0.0618496092375 8
0.0636214330339 11
0.0653932568304 13
0.0671650806269 16
0.0689369044234 18
0.0707087282199 19
0.0724805520164 13
0.0742523758129 17
0.0760241996094 12
0.0777960234059 19
0.0795678472023 19
0.0813396709988 13
0.0831114947953 17
0.0848833185918 29
0.0866551423883 20
0.0884269661848 23
0.0901987899813 26
0.0919706137778 30
0.0937424375742 30
0.0955142613707 17
0.0972860851672 29
0.0990579089637 23
0.10082973276 35
0.102601556557 30
0.104373380353 23
0.10614520415 29
0.107917027946 37
0.109688851743 33
0.111460675539 30
0.113232499336 45
0.115004323132 26
0.116776146929 31
0.118547970725 33
0.120319794522 39
0.122091618318 26
0.123863442115 30
0.125635265911 38
0.127407089708 39
0.129178913504 38
0.1309507373 31
0.132722561097 41
0.134494384893 38
0.13626620869 45
0.138038032486 45
0.139809856283 29
0.141581680079 39
0.143353503876 37
0.145125327672 39
0.146897151469 44
0.148668975265 39
0.150440799062 46
0.152212622858 30
0.153984446655 44
0.155756270451 31
0.157528094248 36
0.159299918044 47
0.161071741841 44
0.162843565637 56
0.164615389434 35
0.16638721323 36
0.168159037027 48
0.169930860823 51
0.17170268462 47
0.173474508416 32
0.175246332213 52
0.177018156009 31
0.178789979806 47
0.180561803602 41
0.182333627399 40
0.184105451195 38
0.185877274992 24
0.187649098788 26
0.189420922585 22
0.191192746381 27
0.192964570178 35
0.194736393974 41
0.196508217771 37
0.198280041567 33
0.200051865364 39
0.20182368916 32
0.203595512957 34
0.205367336753 34
0.207139160549 33
0.208910984346 41
0.210682808142 30
0.212454631939 30
0.214226455735 34
0.215998279532 53
0.217770103328 28
0.219541927125 40
0.221313750921 32
0.223085574718 31
0.224857398514 37
0.226629222311 21
0.228401046107 39
0.230172869904 27
0.2319446937 36
0.233716517497 40
0.235488341293 30
0.23726016509 37
0.239031988886 18
0.240803812683 31
0.242575636479 32
0.244347460276 30
0.246119284072 28
0.247891107869 32
0.249662931665 20
0.251434755462 37
0.253206579258 22
0.254978403055 23
0.256750226851 31
0.258522050648 20
0.260293874444 28
0.262065698241 26
0.263837522037 21
0.265609345834 21
0.26738116963 24
0.269152993427 16
0.270924817223 18
0.27269664102 17
0.274468464816 16
0.276240288613 17
0.278012112409 26
0.279783936205 15
0.281555760002 10
0.283327583798 22
0.285099407595 15
0.286871231391 15
0.288643055188 22
0.290414878984 11
0.292186702781 7
0.293958526577 16
0.295730350374 12
0.29750217417 5
0.299273997967 11
0.301045821763 13
0.30281764556 13
0.304589469356 7
0.306361293153 11
0.308133116949 8
0.309904940746 8
0.311676764542 6
0.313448588339 6
0.315220412135 6
0.316992235932 8
0.318764059728 7
0.320535883525 6
0.322307707321 7
0.324079531118 7
0.325851354914 4
0.327623178711 5
0.329395002507 6
0.331166826304 8
0.3329386501 6
0.334710473897 5
0.336482297693 7
0.33825412149 6
0.340025945286 3
0.341797769083 2
0.343569592879 2
0.345341416676 2
0.347113240472 4
0.348885064269 3
0.350656888065 5
0.352428711861 2
0.354200535658 1
0.355972359454 6
0.357744183251 1
0.359516007047 5
0.361287830844 2
0.36305965464 3
0.364831478437 1
0.366603302233 2
0.36837512603 3
0.370146949826 3
0.371918773623 2
0.373690597419 2
0.375462421216 3
0.377234245012 4
0.379006068809 5
0.380777892605 4
0.382549716402 6
0.384321540198 2
0.386093363995 2
0.387865187791 0
0.389637011588 2
0.391408835384 3
0.393180659181 2
0.394952482977 2
0.396724306774 0
0.39849613057 2
0.400267954367 1
0.402039778163 2
0.40381160196 3
0.405583425756 1
0.407355249553 3
0.409127073349 0
0.410898897146 1
0.412670720942 3
0.414442544739 1
0.416214368535 1
0.417986192332 3
0.419758016128 0
0.421529839925 1
0.423301663721 1
0.425073487518 2
0.426845311314 1
0.42861713511 3
0.430388958907 0
0.432160782703 1
0.4339326065 2
0.435704430296 2
0.437476254093 0
0.439248077889 1
0.441019901686 2
0.442791725482 0
0.444563549279 1
0.446335373075 0
0.448107196872 1
0.449879020668 0
0.451650844465 0
0.453422668261 0
0.455194492058 2
0.456966315854 2
0.458738139651 2
0.460509963447 1
0.462281787244 0
0.46405361104 0
0.465825434837 0
0.467597258633 1
0.46936908243 2
0.471140906226 0
0.472912730023 2
0.474684553819 0
0.476456377616 2
0.478228201412 0
0.480000025209 0
0.481771849005 0
0.483543672802 0
0.485315496598 0
0.487087320395 1
0.488859144191 0
0.490630967988 0
0.492402791784 0
0.494174615581 1
0.495946439377 0
0.497718263174 0
0.49949008697 0
0.501261910766 1
0.503033734563 0
0.504805558359 1
0.506577382156 0
0.508349205952 0
0.510121029749 0
0.511892853545 0
0.513664677342 1
0.515436501138 2
0.517208324935 0
0.518980148731 0
0.520751972528 0
0.522523796324 0
0.524295620121 1
0.526067443917 0
0.527839267714 0
0.52961109151 1
0.531382915307 0
0.533154739103 0
0.5349265629 0
0.536698386696 0
0.538470210493 0
0.540242034289 0
0.542013858086 0
0.543785681882 0
0.545557505679 0
0.547329329475 0
0.549101153272 0
0.550872977068 0
0.552644800865 0
0.554416624661 0
0.556188448458 0
0.557960272254 0
0.559732096051 1
0.561503919847 1
0.563275743644 0
0.56504756744 0
0.566819391237 0
0.568591215033 0
0.57036303883 0
0.572134862626 0
0.573906686422 0
0.575678510219 1
0.577450334015 1
0.579222157812 0
0.580993981608 2
0.582765805405 1
0.584537629201 1
0.586309452998 0
0.588081276794 0
0.589853100591 0
0.591624924387 1
0.593396748184 1
0.59516857198 0
0.596940395777 0
0.598712219573 1
0.60048404337 1
0.602255867166 0
0.604027690963 1
0.605799514759 1
0.607571338556 0
0.609343162352 0
0.611114986149 1
0.612886809945 1
0.614658633742 0
0.616430457538 0
0.618202281335 0
0.619974105131 0
0.621745928928 1
0.623517752724 0
0.625289576521 1
0.627061400317 1
0.628833224114 0
0.63060504791 0
0.632376871707 1
0.634148695503 2
0.6359205193 1
0.637692343096 0
0.639464166893 0
0.641235990689 1
0.643007814486 1
0.644779638282 0
0.646551462079 0
0.648323285875 0
0.650095109671 0
0.651866933468 0
0.653638757264 0
0.655410581061 0
0.657182404857 2
0.658954228654 3
0.66072605245 0
0.662497876247 1
0.664269700043 0
0.66604152384 1
0.667813347636 0
0.669585171433 0
0.671356995229 0
0.673128819026 0
0.674900642822 0
0.676672466619 1
0.678444290415 0
0.680216114212 0
0.681987938008 0
0.683759761805 0
0.685531585601 0
0.687303409398 1
0.689075233194 0
0.690847056991 1
0.692618880787 0
0.694390704584 0
0.69616252838 0
0.697934352177 1
0.699706175973 1
0.70147799977 1
0.703249823566 0
0.705021647363 1
0.706793471159 0
0.708565294956 1
0.710337118752 0
0.712108942549 0
0.713880766345 0
0.715652590142 0
0.717424413938 0
0.719196237735 0
0.720968061531 1
0.722739885327 0
0.724511709124 0
0.72628353292 0
0.728055356717 1
0.729827180513 0
0.73159900431 0
0.733370828106 0
0.735142651903 0
0.736914475699 0
0.738686299496 0
0.740458123292 0
0.742229947089 0
0.744001770885 0
0.745773594682 0
0.747545418478 0
0.749317242275 0
0.751089066071 0
0.752860889868 0
0.754632713664 0
0.756404537461 0
0.758176361257 0
0.759948185054 0
0.76172000885 0
0.763491832647 0
0.765263656443 0
0.76703548024 0
0.768807304036 0
0.770579127833 0
0.772350951629 0
0.774122775426 0
0.775894599222 0
0.777666423019 0
0.779438246815 0
0.781210070612 0
0.782981894408 0
0.784753718205 0
0.786525542001 0
0.788297365798 0
0.790069189594 0
0.791841013391 0
0.793612837187 0
0.795384660983 0
0.79715648478 0
0.798928308576 0
0.800700132373 0
0.802471956169 0
0.804243779966 0
0.806015603762 0
0.807787427559 0
0.809559251355 0
0.811331075152 0
0.813102898948 0
0.814874722745 0
0.816646546541 0
0.818418370338 0
0.820190194134 0
0.821962017931 0
0.823733841727 0
0.825505665524 0
0.82727748932 0
0.829049313117 0
0.830821136913 0
0.83259296071 0
0.834364784506 0
0.836136608303 0
0.837908432099 0
0.839680255896 0
0.841452079692 0
0.843223903489 0
0.844995727285 0
0.846767551082 0
0.848539374878 0
0.850311198675 0
0.852083022471 0
0.853854846268 0
0.855626670064 0
0.857398493861 0
0.859170317657 0
0.860942141454 0
0.86271396525 0
0.864485789047 0
0.866257612843 0
0.86802943664 0
0.869801260436 0
0.871573084232 0
0.873344908029 0
0.875116731825 0
0.876888555622 0
0.878660379418 0
0.880432203215 0
0.882204027011 0
0.883975850808 0
0.885747674604 0
0.887519498401 0
0.889291322197 0
