1.03674510018 3
1.03704171731 3
1.03733833444 5
1.03763495158 2
1.03793156871 2
1.03822818585 2
1.03852480298 0
1.03882142011 1
1.03911803725 1
1.03941465438 1
1.03971127152 1
1.04000788865 2
1.04030450578 5
1.04060112292 3
1.04089774005 6
1.04119435719 4
1.04149097432 4
1.04178759145 8
1.04208420859 7
1.04238082572 5
1.04267744286 8
1.04297405999 6
1.04327067712 11
1.04356729426 4
1.04386391139 5
1.04416052853 10
1.04445714566 6
1.04475376279 9
1.04505037993 13
1.04534699706 7
1.0456436142 6
1.04594023133 10
1.04623684846 9
1.0465334656 8
1.04683008273 10
1.04712669987 10
1.047423317 7
1.04771993414 10
1.04801655127 10
1.0483131684 6
1.04860978554 8
1.04890640267 12
1.04920301981 17
1.04949963694 5
1.04979625407 10
1.05009287121 6
1.05038948834 4
1.05068610548 12
1.05098272261 6
1.05127933974 9
1.05157595688 10
1.05187257401 10
1.05216919115 4
1.05246580828 6
1.05276242541 8
1.05305904255 5
1.05335565968 5
1.05365227682 7
1.05394889395 5
1.05424551108 2
1.05454212822 5
1.05483874535 11
1.05513536249 6
1.05543197962 7
1.05572859675 6
1.05602521389 10
1.05632183102 7
1.05661844816 4
1.05691506529 6
1.05721168242 6
1.05750829956 7
1.05780491669 9
1.05810153383 5
1.05839815096 8
1.05869476809 5
1.05899138523 9
1.05928800236 6
1.0595846195 6
1.05988123663 7
1.06017785376 5
1.0604744709 3
1.06077108803 8
1.06106770517 8
1.0613643223 3
1.06166093943 9
1.06195755657 5
1.0622541737 6
1.06255079084 8
1.06284740797 4
1.06314402511 6
1.06344064224 2
1.06373725937 8
1.06403387651 3
1.06433049364 9
1.06462711078 9
1.06492372791 4
1.06522034504 4
1.06551696218 10
1.06581357931 6
1.06611019645 4
1.06640681358 12
1.06670343071 5
1.06700004785 7
1.06729666498 9
1.06759328212 4
1.06788989925 8
1.06818651638 4
1.06848313352 13
1.06877975065 6
1.06907636779 9
1.06937298492 5
1.06966960205 6
1.06996621919 4
1.07026283632 6
1.07055945346 4
1.07085607059 6
1.07115268772 6
1.07144930486 6
1.07174592199 5
1.07204253913 4
1.07233915626 6
1.07263577339 5
1.07293239053 7
1.07322900766 6
1.0735256248 8
1.07382224193 6
1.07411885906 6
1.0744154762 4
1.07471209333 6
1.07500871047 7
1.0753053276 4
1.07560194473 5
1.07589856187 5
1.076195179 5
1.07649179614 5
1.07678841327 4
1.0770850304 6
1.07738164754 4
1.07767826467 3
1.07797488181 6
1.07827149894 5
1.07856811608 6
1.07886473321 3
1.07916135034 4
1.07945796748 3
1.07975458461 5
1.08005120175 8
1.08034781888 3
1.08064443601 2
1.08094105315 5
1.08123767028 4
1.08153428742 8
1.08183090455 2
1.08212752168 1
1.08242413882 4
1.08272075595 4
1.08301737309 6
1.08331399022 5
1.08361060735 1
1.08390722449 2
1.08420384162 2
1.08450045876 3
1.08479707589 2
1.08509369302 2
1.08539031016 6
1.08568692729 9
1.08598354443 2
1.08628016156 5
1.08657677869 10
1.08687339583 11
1.08717001296 11
1.0874666301 10
1.08776324723 10
1.08805986436 6
1.0883564815 6
1.08865309863 10
1.08894971577 8
1.0892463329 12
1.08954295003 8
1.08983956717 12
1.0901361843 11
1.09043280144 9
1.09072941857 12
1.0910260357 10
1.09132265284 13
1.09161926997 10
1.09191588711 7
1.09221250424 11
1.09250912138 10
1.09280573851 17
1.09310235564 12
1.09339897278 6
1.09369558991 15
1.09399220705 7
1.09428882418 12
1.09458544131 12
1.09488205845 7
1.09517867558 9
1.09547529272 17
1.09577190985 7
1.09606852698 9
1.09636514412 8
1.09666176125 13
1.09695837839 13
1.09725499552 7
1.09755161265 7
1.09784822979 10
1.09814484692 5
1.09844146406 7
1.09873808119 13
1.09903469832 12
1.09933131546 15
1.09962793259 15
1.09992454973 12
1.10022116686 14
1.10051778399 11
1.10081440113 15
1.10111101826 7
1.1014076354 11
1.10170425253 8
1.10200086966 7
1.1022974868 16
1.10259410393 12
1.10289072107 13
1.1031873382 13
1.10348395533 12
1.10378057247 15
1.1040771896 15
1.10437380674 11
1.10467042387 5
1.104967041 16
1.10526365814 14
1.10556027527 14
1.10585689241 13
1.10615350954 8
1.10645012667 6
1.10674674381 7
1.10704336094 10
1.10733997808 9
1.10763659521 13
1.10793321235 7
1.10822982948 12
1.10852644661 12
1.10882306375 11
1.10911968088 12
1.10941629802 21
1.10971291515 6
1.11000953228 13
1.11030614942 9
1.11060276655 18
1.11089938369 13
1.11119600082 11
1.11149261795 16
1.11178923509 14
1.11208585222 20
1.11238246936 14
1.11267908649 11
1.11297570362 10
1.11327232076 14
1.11356893789 16
1.11386555503 9
1.11416217216 18
1.11445878929 12
1.11475540643 10
1.11505202356 14
1.1153486407 14
1.11564525783 11
1.11594187496 13
1.1162384921 20
1.11653510923 14
1.11683172637 16
1.1171283435 20
1.11742496063 15
1.11772157777 17
1.1180181949 20
1.11831481204 18
1.11861142917 25
1.1189080463 15
1.11920466344 13
1.11950128057 15
1.11979789771 17
1.12009451484 17
1.12039113197 15
1.12068774911 18
1.12098436624 16
1.12128098338 13
1.12157760051 13
1.12187421764 21
1.12217083478 10
1.12246745191 12
1.12276406905 12
1.12306068618 15
1.12335730332 18
1.12365392045 20
1.12395053758 15
1.12424715472 15
1.12454377185 17
1.12484038899 18
1.12513700612 15
1.12543362325 14
1.12573024039 14
1.12602685752 17
1.12632347466 20
1.12662009179 8
1.12691670892 13
1.12721332606 24
1.12750994319 20
1.12780656033 12
1.12810317746 16
1.12839979459 19
1.12869641173 19
1.12899302886 17
1.129289646 18
1.12958626313 18
1.12988288026 9
1.1301794974 21
1.13047611453 11
1.13077273167 11
1.1310693488 25
1.13136596593 19
1.13166258307 14
1.1319592002 18
1.13225581734 14
1.13255243447 13
1.1328490516 20
1.13314566874 14
1.13344228587 20
1.13373890301 14
1.13403552014 12
1.13433213727 14
1.13462875441 17
1.13492537154 16
1.13522198868 19
1.13551860581 18
1.13581522294 21
1.13611184008 17
1.13640845721 16
1.13670507435 20
1.13700169148 6
1.13729830861 11
1.13759492575 13
1.13789154288 11
1.13818816002 21
1.13848477715 20
1.13878139429 10
1.13907801142 14
1.13937462855 13
1.13967124569 13
1.13996786282 12
1.14026447996 10
1.14056109709 15
1.14085771422 17
1.14115433136 20
1.14145094849 10
1.14174756563 15
1.14204418276 11
1.14234079989 18
1.14263741703 22
1.14293403416 17
1.1432306513 12
1.14352726843 21
1.14382388556 13
1.1441205027 15
1.14441711983 10
1.14471373697 18
1.1450103541 13
1.14530697123 9
1.14560358837 11
1.1459002055 14
1.14619682264 12
1.14649343977 9
1.1467900569 15
1.14708667404 10
1.14738329117 12
1.14767990831 9
1.14797652544 9
1.14827314257 11
1.14856975971 10
1.14886637684 8
1.14916299398 17
1.14945961111 12
1.14975622824 18
1.15005284538 20
1.15034946251 6
1.15064607965 6
1.15094269678 14
1.15123931391 17
1.15153593105 6
1.15183254818 23
1.15212916532 7
1.15242578245 13
1.15272239959 11
1.15301901672 13
1.15331563385 12
1.15361225099 12
1.15390886812 16
1.15420548526 8
1.15450210239 11
1.15479871952 7
1.15509533666 9
1.15539195379 8
1.15568857093 12
1.15598518806 12
1.15628180519 12
1.15657842233 7
1.15687503946 11
1.1571716566 8
1.15746827373 11
1.15776489086 11
1.158061508 11
1.15835812513 13
1.15865474227 12
1.1589513594 6
1.15924797653 7
1.15954459367 5
1.1598412108 6
1.16013782794 4
1.16043444507 9
1.1607310622 12
1.16102767934 7
1.16132429647 8
1.16162091361 12
1.16191753074 9
1.16221414787 6
1.16251076501 5
1.16280738214 4
1.16310399928 4
1.16340061641 11
1.16369723354 7
1.16399385068 8
1.16429046781 7
1.16458708495 6
1.16488370208 1
1.16518031921 1
1.16547693635 7
1.16577355348 7
1.16607017062 1
1.16636678775 2
1.16666340488 5
1.16696002202 3
1.16725663915 8
1.16755325629 3
1.16784987342 6
1.16814649056 1
1.16844310769 5
1.16873972482 4
1.16903634196 5
1.16933295909 0
1.16962957623 4
1.16992619336 3
1.17022281049 5
1.17051942763 3
1.17081604476 3
1.1711126619 2
1.17140927903 1
1.17170589616 4
1.1720025133 2
1.17229913043 4
1.17259574757 3
1.1728923647 5
1.17318898183 4
1.17348559897 4
1.1737822161 4
1.17407883324 3
1.17437545037 2
1.1746720675 2
1.17496868464 0
1.17526530177 3
1.17556191891 0
1.17585853604 2
1.17615515317 4
1.17645177031 4
1.17674838744 2
1.17704500458 1
1.17734162171 3
1.17763823884 2
1.17793485598 1
1.17823147311 0
1.17852809025 1
1.17882470738 4
1.17912132451 2
1.17941794165 1
1.17971455878 1
1.18001117592 2
1.18030779305 1
1.18060441018 2
1.18090102732 0
1.18119764445 1
1.18149426159 0
1.18179087872 0
1.18208749585 3
1.18238411299 1
1.18268073012 2
1.18297734726 2
1.18327396439 2
1.18357058153 2
1.18386719866 2
1.18416381579 0
1.18446043293 1
1.18475705006 1
