0.00168494006261 10
0.00348425962444 1
0.00528357918628 5
0.00708289874812 12
0.00888221830996 15
0.0106815378718 9
0.0124808574336 7
0.0142801769955 13
0.0160794965573 17
0.0178788161191 20
0.019678135681 12
0.0214774552428 16
0.0232767748047 14
0.0250760943665 34
0.0268754139283 18
0.0286747334902 10
0.030474053052 21
0.0322733726138 10
0.0340726921757 19
0.0358720117375 26
0.0376713312994 22
0.0394706508612 21
0.041269970423 24
0.0430692899849 24
0.0448686095467 20
0.0466679291085 17
0.0484672486704 27
0.0502665682322 18
0.0520658877941 23
0.0538652073559 17
0.0556645269177 26
0.0574638464796 19
0.0592631660414 15
0.0610624856032 18
0.0628618051651 17
0.0646611247269 16
0.0664604442888 20
0.0682597638506 21
0.0700590834124 24
0.0718584029743 25
0.0736577225361 25
0.0754570420979 15
0.0772563616598 13
0.0790556812216 19
0.0808550007835 18
0.0826543203453 18
0.0844536399071 20
0.086252959469 13
0.0880522790308 14
0.0898515985926 17
0.0916509181545 13
0.0934502377163 14
0.0952495572782 20
0.09704887684 16
0.0988481964018 29
0.100647515964 31
0.102446835526 17
0.104246155087 18
0.106045474649 20
0.107844794211 22
0.109644113773 15
0.111443433335 26
0.113242752897 20
0.115042072458 22
0.11684139202 23
0.118640711582 16
0.120440031144 16
0.122239350706 11
0.124038670268 21
0.125837989829 15
0.127637309391 12
0.129436628953 20
0.131235948515 17
0.133035268077 20
0.134834587639 18
0.1366339072 20
0.138433226762 29
0.140232546324 26
0.142031865886 24
0.143831185448 29
0.14563050501 30
0.147429824571 21
0.149229144133 35
0.151028463695 31
0.152827783257 36
0.154627102819 27
0.156426422381 25
0.158225741942 43
0.160025061504 36
0.161824381066 25
0.163623700628 32
0.16542302019 39
0.167222339752 25
0.169021659313 24
0.170820978875 35
0.172620298437 29
0.174419617999 38
0.176218937561 32
0.178018257123 40
0.179817576685 47
0.181616896246 27
0.183416215808 33
0.18521553537 35
0.187014854932 17
0.188814174494 23
0.190613494056 37
0.192412813617 37
0.194212133179 31
0.196011452741 23
0.197810772303 32
0.199610091865 32
0.201409411427 36
0.203208730988 24
0.20500805055 30
0.206807370112 24
0.208606689674 24
0.210406009236 22
0.212205328798 25
0.214004648359 20
0.215803967921 26
0.217603287483 25
0.219402607045 28
0.221201926607 34
0.223001246169 23
0.22480056573 30
0.226599885292 23
0.228399204854 18
0.230198524416 26
0.231997843978 21
0.23379716354 27
0.235596483101 18
0.237395802663 26
0.239195122225 23
0.240994441787 24
0.242793761349 23
0.244593080911 21
0.246392400472 21
0.248191720034 26
0.249991039596 15
0.251790359158 21
0.25358967872 33
0.255388998282 22
0.257188317844 30
0.258987637405 29
0.260786956967 24
0.262586276529 23
0.264385596091 24
0.266184915653 22
0.267984235215 26
0.269783554776 30
0.271582874338 26
0.2733821939 18
0.275181513462 20
0.276980833024 23
0.278780152586 32
0.280579472147 23
0.282378791709 20
0.284178111271 19
0.285977430833 24
0.287776750395 21
0.289576069957 26
0.291375389518 18
0.29317470908 25
0.294974028642 18
0.296773348204 15
0.298572667766 24
0.300371987328 20
0.302171306889 21
0.303970626451 12
0.305769946013 9
0.307569265575 15
0.309368585137 11
0.311167904699 13
0.31296722426 12
0.314766543822 7
0.316565863384 5
0.318365182946 10
0.320164502508 17
0.32196382207 5
0.323763141631 11
0.325562461193 6
0.327361780755 5
0.329161100317 12
0.330960419879 8
0.332759739441 4
0.334559059003 10
0.336358378564 6
0.338157698126 3
0.339957017688 2
0.34175633725 4
0.343555656812 2
0.345354976374 5
0.347154295935 7
0.348953615497 7
0.350752935059 4
0.352552254621 4
0.354351574183 7
0.356150893745 3
0.357950213306 6
0.359749532868 8
0.36154885243 3
0.363348171992 2
0.365147491554 5
0.366946811116 6
0.368746130677 3
0.370545450239 1
0.372344769801 6
0.374144089363 5
0.375943408925 4
0.377742728487 5
0.379542048048 7
0.38134136761 2
0.383140687172 4
0.384940006734 3
0.386739326296 5
0.388538645858 5
0.390337965419 6
0.392137284981 4
0.393936604543 3
0.395735924105 6
0.397535243667 3
0.399334563229 6
0.401133882791 5
0.402933202352 5
0.404732521914 5
0.406531841476 4
0.408331161038 4
0.4101304806 9
0.411929800162 6
0.413729119723 4
0.415528439285 6
0.417327758847 9
0.419127078409 3
0.420926397971 4
0.422725717533 9
0.424525037094 3
0.426324356656 7
0.428123676218 6
0.42992299578 13
0.431722315342 6
0.433521634904 4
0.435320954465 10
0.437120274027 7
0.438919593589 6
0.440718913151 3
0.442518232713 12
0.444317552275 9
0.446116871836 8
0.447916191398 9
0.44971551096 5
0.451514830522 5
0.453314150084 8
0.455113469646 8
0.456912789207 5
0.458712108769 13
0.460511428331 6
0.462310747893 12
0.464110067455 4
0.465909387017 6
0.467708706578 6
0.46950802614 8
0.471307345702 4
0.473106665264 5
0.474905984826 6
0.476705304388 4
0.47850462395 1
0.480303943511 4
0.482103263073 5
0.483902582635 7
0.485701902197 1
0.487501221759 5
0.489300541321 5
0.491099860882 1
0.492899180444 0
0.494698500006 7
0.496497819568 3
0.49829713913 4
0.500096458692 1
0.501895778253 1
0.503695097815 1
0.505494417377 0
0.507293736939 1
0.509093056501 0
0.510892376063 4
0.512691695624 0
0.514491015186 1
0.516290334748 1
0.51808965431 1
0.519888973872 2
0.521688293434 1
0.523487612995 1
0.525286932557 0
0.527086252119 0
0.528885571681 0
0.530684891243 1
0.532484210805 0
0.534283530366 0
0.536082849928 0
0.53788216949 1
0.539681489052 0
0.541480808614 0
0.543280128176 0
0.545079447737 1
0.546878767299 0
0.548678086861 0
0.550477406423 1
0.552276725985 0
0.554076045547 1
0.555875365109 0
0.55767468467 0
0.559474004232 0
0.561273323794 0
0.563072643356 0
0.564871962918 2
0.56667128248 2
0.568470602041 0
0.570269921603 0
0.572069241165 0
0.573868560727 0
0.575667880289 0
0.577467199851 0
0.579266519412 0
0.581065838974 0
0.582865158536 0
0.584664478098 0
0.58646379766 0
0.588263117222 0
0.590062436783 0
0.591861756345 0
0.593661075907 1
0.595460395469 0
0.597259715031 1
0.599059034593 0
0.600858354154 0
0.602657673716 0
0.604456993278 0
0.60625631284 0
0.608055632402 0
0.609854951964 0
0.611654271525 0
0.613453591087 0
0.615252910649 0
0.617052230211 0
0.618851549773 0
0.620650869335 0
0.622450188897 0
0.624249508458 0
0.62604882802 0
0.627848147582 0
0.629647467144 0
0.631446786706 0
0.633246106268 1
0.635045425829 0
0.636844745391 0
0.638644064953 0
0.640443384515 0
0.642242704077 0
0.644042023639 0
0.6458413432 0
0.647640662762 0
0.649439982324 0
0.651239301886 0
0.653038621448 0
0.65483794101 0
0.656637260571 0
0.658436580133 0
0.660235899695 0
0.662035219257 0
0.663834538819 0
0.665633858381 0
0.667433177942 0
0.669232497504 0
0.671031817066 0
0.672831136628 0
0.67463045619 0
0.676429775752 0
0.678229095313 0
0.680028414875 0
0.681827734437 0
0.683627053999 0
0.685426373561 0
0.687225693123 0
0.689025012684 0
0.690824332246 0
0.692623651808 0
0.69442297137 0
0.696222290932 0
0.698021610494 0
0.699820930056 0
0.701620249617 0
0.703419569179 0
0.705218888741 0
0.707018208303 0
0.708817527865 0
0.710616847427 0
0.712416166988 0
0.71421548655 0
0.716014806112 0
0.717814125674 0
0.719613445236 0
0.721412764798 0
0.723212084359 0
0.725011403921 0
0.726810723483 0
0.728610043045 0
0.730409362607 1
0.732208682169 0
0.73400800173 0
0.735807321292 0
0.737606640854 0
0.739405960416 0
0.741205279978 0
0.74300459954 0
0.744803919101 0
0.746603238663 0
0.748402558225 0
0.750201877787 0
0.752001197349 0
0.753800516911 0
0.755599836472 0
0.757399156034 0
0.759198475596 1
0.760997795158 0
0.76279711472 0
0.764596434282 0
0.766395753843 0
0.768195073405 0
0.769994392967 0
0.771793712529 0
0.773593032091 0
0.775392351653 0
0.777191671215 0
0.778990990776 0
0.780790310338 0
0.7825896299 0
0.784388949462 0
0.786188269024 0
0.787987588586 0
0.789786908147 0
0.791586227709 0
0.793385547271 0
0.795184866833 0
0.796984186395 0
0.798783505957 0
0.800582825518 0
0.80238214508 0
0.804181464642 0
0.805980784204 0
0.807780103766 0
0.809579423328 0
0.811378742889 0
0.813178062451 0
0.814977382013 1
0.816776701575 0
0.818576021137 0
0.820375340699 0
0.82217466026 0
0.823973979822 0
0.825773299384 0
0.827572618946 0
0.829371938508 0
0.83117125807 0
0.832970577631 0
0.834769897193 0
0.836569216755 0
0.838368536317 0
0.840167855879 0
0.841967175441 0
0.843766495003 0
0.845565814564 0
0.847365134126 0
0.849164453688 0
0.85096377325 0
0.852763092812 0
0.854562412374 0
0.856361731935 0
0.858161051497 0
0.859960371059 0
0.861759690621 0
0.863559010183 0
0.865358329745 0
0.867157649306 0
0.868956968868 0
0.87075628843 0
0.872555607992 0
0.874354927554 0
0.876154247116 0
0.877953566677 0
0.879752886239 0
0.881552205801 0
0.883351525363 0
0.885150844925 0
0.886950164487 0
0.888749484048 0
0.89054880361 0
0.892348123172 0
0.894147442734 0
0.895946762296 0
0.897746081858 0
0.899545401419 0
