-0.1 6
-0.0989898989899 6
-0.0979797979798 7
-0.0969696969697 12
-0.0959595959596 6
-0.0949494949495 5
-0.0939393939394 9
-0.0929292929293 8
-0.0919191919192 10
-0.0909090909091 7
-0.089898989899 9
-0.0888888888889 8
-0.0878787878788 8
-0.0868686868687 5
-0.0858585858586 7
-0.0848484848485 10
-0.0838383838384 9
-0.0828282828283 4
-0.0818181818182 8
-0.0808080808081 7
-0.079797979798 7
-0.0787878787879 9
-0.0777777777778 10
-0.0767676767677 3
-0.0757575757576 8
-0.0747474747475 6
-0.0737373737374 10
-0.0727272727273 20
-0.0717171717172 5
-0.0707070707071 3
-0.069696969697 9
-0.0686868686869 5
-0.0676767676768 9
-0.0666666666667 7
-0.0656565656566 8
-0.0646464646465 8
-0.0636363636364 15
-0.0626262626263 4
-0.0616161616162 9
-0.0606060606061 6
-0.059595959596 4
-0.0585858585859 11
-0.0575757575758 10
-0.0565656565657 9
-0.0555555555556 5
-0.0545454545455 2
-0.0535353535354 4
-0.0525252525253 7
-0.0515151515152 6
-0.0505050505051 5
-0.0494949494949 7
-0.0484848484848 8
-0.0474747474747 2
-0.0464646464646 5
-0.0454545454545 2
-0.0444444444444 6
-0.0434343434343 6
-0.0424242424242 3
-0.0414141414141 8
-0.040404040404 6
-0.0393939393939 3
-0.0383838383838 6
-0.0373737373737 5
-0.0363636363636 4
-0.0353535353535 5
-0.0343434343434 3
-0.0333333333333 7
-0.0323232323232 11
-0.0313131313131 2
-0.030303030303 2
-0.0292929292929 5
-0.0282828282828 2
-0.0272727272727 2
-0.0262626262626 10
-0.0252525252525 5
-0.0242424242424 6
-0.0232323232323 4
-0.0222222222222 7
-0.0212121212121 2
-0.020202020202 2
-0.0191919191919 8
-0.0181818181818 6
-0.0171717171717 4
-0.0161616161616 2
-0.0151515151515 6
-0.0141414141414 4
-0.0131313131313 2
-0.0121212121212 4
-0.0111111111111 4
-0.010101010101 2
-0.00909090909091 6
-0.00808080808081 6
-0.00707070707071 2
-0.00606060606061 3
-0.00505050505051 4
-0.0040404040404 5
-0.0030303030303 3
-0.0020202020202 2
-0.0010101010101 2
0.0 2
0.0010101010101 2
0.0020202020202 2
0.0030303030303 3
0.0040404040404 5
0.00505050505051 4
0.00606060606061 3
0.00707070707071 2
0.00808080808081 6
0.00909090909091 6
0.010101010101 2
0.0111111111111 4
0.0121212121212 4
0.0131313131313 2
0.0141414141414 4
0.0151515151515 6
0.0161616161616 2
0.0171717171717 4
0.0181818181818 6
0.0191919191919 8
0.020202020202 2
0.0212121212121 2
0.0222222222222 7
0.0232323232323 4
0.0242424242424 6
0.0252525252525 5
0.0262626262626 10
0.0272727272727 2
0.0282828282828 2
0.0292929292929 5
0.030303030303 2
0.0313131313131 2
0.0323232323232 11
0.0333333333333 7
0.0343434343434 3
0.0353535353535 5
0.0363636363636 4
0.0373737373737 5
0.0383838383838 6
0.0393939393939 3
0.040404040404 6
0.0414141414141 8
0.0424242424242 3
0.0434343434343 6
0.0444444444444 6
0.0454545454545 2
0.0464646464646 5
0.0474747474747 2
0.0484848484848 8
0.0494949494949 7
0.0505050505051 5
0.0515151515152 6
0.0525252525253 7
0.0535353535354 4
0.0545454545455 2
0.0555555555556 5
0.0565656565657 9
0.0575757575758 10
0.0585858585859 11
0.059595959596 4
0.0606060606061 6
0.0616161616162 9
0.0626262626263 4
0.0636363636364 15
0.0646464646465 8
0.0656565656566 8
0.0666666666667 7
0.0676767676768 9
0.0686868686869 5
0.069696969697 9
0.0707070707071 3
0.0717171717172 5
0.0727272727273 20
0.0737373737374 10
0.0747474747475 6
0.0757575757576 8
0.0767676767677 3
0.0777777777778 10
0.0787878787879 9
0.079797979798 7
0.0808080808081 7
0.0818181818182 8
0.0828282828283 4
0.0838383838384 9
0.0848484848485 10
0.0858585858586 7
0.0868686868687 5
0.0878787878788 8
0.0888888888889 8
0.089898989899 9
0.0909090909091 7
0.0919191919192 10
0.0929292929293 8
0.0939393939394 9
0.0949494949495 5
0.0959595959596 6
0.0969696969697 12
0.0979797979798 7
0.0989898989899 6
0.1 6
