-0.1 98
-0.0989898989899 80
-0.0979797979798 76
-0.0969696969697 90
-0.0959595959596 81
-0.0949494949495 98
-0.0939393939394 81
-0.0929292929293 86
-0.0919191919192 110
-0.0909090909091 107
-0.089898989899 91
-0.0888888888889 90
-0.0878787878788 77
-0.0868686868687 98
-0.0858585858586 82
-0.0848484848485 78
-0.0838383838384 87
-0.0828282828283 101
-0.0818181818182 84
-0.0808080808081 82
-0.079797979798 89
-0.0787878787879 97
-0.0777777777778 88
-0.0767676767677 99
-0.0757575757576 92
-0.0747474747475 84
-0.0737373737374 97
-0.0727272727273 88
-0.0717171717172 75
-0.0707070707071 87
-0.069696969697 84
-0.0686868686869 95
-0.0676767676768 85
-0.0666666666667 101
-0.0656565656566 84
-0.0646464646465 81
-0.0636363636364 79
-0.0626262626263 86
-0.0616161616162 86
-0.0606060606061 77
-0.059595959596 89
-0.0585858585859 75
-0.0575757575758 80
-0.0565656565657 72
-0.0555555555556 83
-0.0545454545455 101
-0.0535353535354 79
-0.0525252525253 96
-0.0515151515152 72
-0.0505050505051 71
-0.0494949494949 74
-0.0484848484848 71
-0.0474747474747 82
-0.0464646464646 80
-0.0454545454545 71
-0.0444444444444 67
-0.0434343434343 77
-0.0424242424242 69
-0.0414141414141 69
-0.040404040404 84
-0.0393939393939 79
-0.0383838383838 58
-0.0373737373737 74
-0.0363636363636 59
-0.0353535353535 68
-0.0343434343434 76
-0.0333333333333 87
-0.0323232323232 91
-0.0313131313131 85
-0.030303030303 86
-0.0292929292929 65
-0.0282828282828 67
-0.0272727272727 102
-0.0262626262626 87
-0.0252525252525 95
-0.0242424242424 75
-0.0232323232323 74
-0.0222222222222 62
-0.0212121212121 58
-0.020202020202 62
-0.0191919191919 76
-0.0181818181818 42
-0.0171717171717 65
-0.0161616161616 61
-0.0151515151515 53
-0.0141414141414 54
-0.0131313131313 34
-0.0121212121212 41
-0.0111111111111 36
-0.010101010101 37
-0.00909090909091 31
-0.00808080808081 25
-0.00707070707071 18
-0.00606060606061 11
-0.00505050505051 19
-0.0040404040404 7
-0.0030303030303 7
-0.0020202020202 5
-0.0010101010101 5
0.0 2
0.0010101010101 5
0.0020202020202 5
0.0030303030303 7
0.0040404040404 7
0.00505050505051 19
0.00606060606061 11
0.00707070707071 18
0.00808080808081 25
0.00909090909091 31
0.010101010101 37
0.0111111111111 36
0.0121212121212 41
0.0131313131313 34
0.0141414141414 54
0.0151515151515 53
0.0161616161616 61
0.0171717171717 65
0.0181818181818 42
0.0191919191919 76
0.020202020202 62
0.0212121212121 58
0.0222222222222 62
0.0232323232323 74
0.0242424242424 75
0.0252525252525 95
0.0262626262626 87
0.0272727272727 102
0.0282828282828 67
0.0292929292929 65
0.030303030303 86
0.0313131313131 85
0.0323232323232 91
0.0333333333333 87
0.0343434343434 76
0.0353535353535 68
0.0363636363636 59
0.0373737373737 74
0.0383838383838 58
0.0393939393939 79
0.040404040404 84
0.0414141414141 69
0.0424242424242 69
0.0434343434343 77
0.0444444444444 67
0.0454545454545 71
0.0464646464646 80
0.0474747474747 82
0.0484848484848 71
0.0494949494949 74
0.0505050505051 71
0.0515151515152 72
0.0525252525253 96
0.0535353535354 79
0.0545454545455 101
0.0555555555556 83
0.0565656565657 72
0.0575757575758 80
0.0585858585859 75
0.059595959596 89
0.0606060606061 77
0.0616161616162 86
0.0626262626263 86
0.0636363636364 79
0.0646464646465 81
0.0656565656566 84
0.0666666666667 101
0.0676767676768 85
0.0686868686869 95
0.069696969697 84
0.0707070707071 87
0.0717171717172 75
0.0727272727273 88
0.0737373737374 97
0.0747474747475 84
0.0757575757576 92
0.0767676767677 99
0.0777777777778 88
0.0787878787879 97
0.079797979798 89
0.0808080808081 82
0.0818181818182 84
0.0828282828283 101
0.0838383838384 87
0.0848484848485 78
0.0858585858586 82
0.0868686868687 98
0.0878787878788 77
0.0888888888889 90
0.089898989899 91
0.0909090909091 107
0.0919191919192 110
0.0929292929293 86
0.0939393939394 81
0.0949494949495 98
0.0959595959596 81
0.0969696969697 90
0.0979797979798 76
0.0989898989899 80
0.1 98
