-0.1 22
-0.0989898989899 16
-0.0979797979798 30
-0.0969696969697 27
-0.0959595959596 13
-0.0949494949495 27
-0.0939393939394 22
-0.0929292929293 18
-0.0919191919192 24
-0.0909090909091 23
-0.089898989899 22
-0.0888888888889 28
-0.0878787878788 35
-0.0868686868687 23
-0.0858585858586 25
-0.0848484848485 26
-0.0838383838384 24
-0.0828282828283 31
-0.0818181818182 32
-0.0808080808081 28
-0.079797979798 23
-0.0787878787879 17
-0.0777777777778 22
-0.0767676767677 30
-0.0757575757576 29
-0.0747474747475 25
-0.0737373737374 30
-0.0727272727273 30
-0.0717171717172 21
-0.0707070707071 34
-0.069696969697 26
-0.0686868686869 33
-0.0676767676768 23
-0.0666666666667 30
-0.0656565656566 19
-0.0646464646465 26
-0.0636363636364 18
-0.0626262626263 37
-0.0616161616162 29
-0.0606060606061 25
-0.059595959596 20
-0.0585858585859 22
-0.0575757575758 29
-0.0565656565657 26
-0.0555555555556 27
-0.0545454545455 31
-0.0535353535354 22
-0.0525252525253 25
-0.0515151515152 27
-0.0505050505051 34
-0.0494949494949 24
-0.0484848484848 26
-0.0474747474747 35
-0.0464646464646 31
-0.0454545454545 29
-0.0444444444444 29
-0.0434343434343 24
-0.0424242424242 24
-0.0414141414141 36
-0.040404040404 28
-0.0393939393939 26
-0.0383838383838 25
-0.0373737373737 20
-0.0363636363636 30
-0.0353535353535 32
-0.0343434343434 35
-0.0333333333333 28
-0.0323232323232 33
-0.0313131313131 32
-0.030303030303 39
-0.0292929292929 30
-0.0282828282828 25
-0.0272727272727 22
-0.0262626262626 27
-0.0252525252525 29
-0.0242424242424 29
-0.0232323232323 23
-0.0222222222222 25
-0.0212121212121 21
-0.020202020202 22
-0.0191919191919 24
-0.0181818181818 20
-0.0171717171717 16
-0.0161616161616 17
-0.0151515151515 16
-0.0141414141414 12
-0.0131313131313 15
-0.0121212121212 15
-0.0111111111111 10
-0.010101010101 11
-0.00909090909091 14
-0.00808080808081 19
-0.00707070707071 2
-0.00606060606061 3
-0.00505050505051 2
-0.0040404040404 3
-0.0030303030303 3
-0.0020202020202 3
-0.0010101010101 1
0.0 1
0.0010101010101 1
0.0020202020202 3
0.0030303030303 3
0.0040404040404 3
0.00505050505051 2
0.00606060606061 3
0.00707070707071 2
0.00808080808081 19
0.00909090909091 14
0.010101010101 11
0.0111111111111 10
0.0121212121212 15
0.0131313131313 15
0.0141414141414 12
0.0151515151515 16
0.0161616161616 17
0.0171717171717 16
0.0181818181818 20
0.0191919191919 24
0.020202020202 22
0.0212121212121 21
0.0222222222222 25
0.0232323232323 23
0.0242424242424 29
0.0252525252525 29
0.0262626262626 27
0.0272727272727 22
0.0282828282828 25
0.0292929292929 30
0.030303030303 39
0.0313131313131 32
0.0323232323232 33
0.0333333333333 28
0.0343434343434 35
0.0353535353535 32
0.0363636363636 30
0.0373737373737 20
0.0383838383838 25
0.0393939393939 26
0.040404040404 28
0.0414141414141 36
0.0424242424242 24
0.0434343434343 24
0.0444444444444 29
0.0454545454545 29
0.0464646464646 31
0.0474747474747 35
0.0484848484848 26
0.0494949494949 24
0.0505050505051 34
0.0515151515152 27
0.0525252525253 25
0.0535353535354 22
0.0545454545455 31
0.0555555555556 27
0.0565656565657 26
0.0575757575758 29
0.0585858585859 22
0.059595959596 20
0.0606060606061 25
0.0616161616162 29
0.0626262626263 37
0.0636363636364 18
0.0646464646465 26
0.0656565656566 19
0.0666666666667 30
0.0676767676768 23
0.0686868686869 33
0.069696969697 26
0.0707070707071 34
0.0717171717172 21
0.0727272727273 30
0.0737373737374 30
0.0747474747475 25
0.0757575757576 29
0.0767676767677 30
0.0777777777778 22
0.0787878787879 17
0.079797979798 23
0.0808080808081 28
0.0818181818182 32
0.0828282828283 31
0.0838383838384 24
0.0848484848485 26
0.0858585858586 25
0.0868686868687 23
0.0878787878788 35
0.0888888888889 28
0.089898989899 22
0.0909090909091 23
0.0919191919192 24
0.0929292929293 18
0.0939393939394 22
0.0949494949495 27
0.0959595959596 13
0.0969696969697 27
0.0979797979798 30
0.0989898989899 16
0.1 22
