-0.1 51
-0.0989898989899 54
-0.0979797979798 40
-0.0969696969697 46
-0.0959595959596 62
-0.0949494949495 56
-0.0939393939394 60
-0.0929292929293 57
-0.0919191919192 52
-0.0909090909091 61
-0.089898989899 49
-0.0888888888889 54
-0.0878787878788 51
-0.0868686868687 49
-0.0858585858586 34
-0.0848484848485 64
-0.0838383838384 55
-0.0828282828283 52
-0.0818181818182 52
-0.0808080808081 64
-0.079797979798 57
-0.0787878787879 43
-0.0777777777778 77
-0.0767676767677 51
-0.0757575757576 52
-0.0747474747475 39
-0.0737373737374 50
-0.0727272727273 51
-0.0717171717172 55
-0.0707070707071 47
-0.069696969697 59
-0.0686868686869 46
-0.0676767676768 66
-0.0666666666667 45
-0.0656565656566 44
-0.0646464646465 51
-0.0636363636364 50
-0.0626262626263 41
-0.0616161616162 57
-0.0606060606061 55
-0.059595959596 53
-0.0585858585859 49
-0.0575757575758 43
-0.0565656565657 36
-0.0555555555556 47
-0.0545454545455 43
-0.0535353535354 43
-0.0525252525253 48
-0.0515151515152 38
-0.0505050505051 49
-0.0494949494949 31
-0.0484848484848 40
-0.0474747474747 38
-0.0464646464646 37
-0.0454545454545 44
-0.0444444444444 36
-0.0434343434343 35
-0.0424242424242 37
-0.0414141414141 41
-0.040404040404 40
-0.0393939393939 30
-0.0383838383838 38
-0.0373737373737 29
-0.0363636363636 25
-0.0353535353535 27
-0.0343434343434 32
-0.0333333333333 42
-0.0323232323232 31
-0.0313131313131 27
-0.030303030303 36
-0.0292929292929 35
-0.0282828282828 32
-0.0272727272727 33
-0.0262626262626 31
-0.0252525252525 25
-0.0242424242424 17
-0.0232323232323 29
-0.0222222222222 17
-0.0212121212121 24
-0.020202020202 21
-0.0191919191919 24
-0.0181818181818 26
-0.0171717171717 18
-0.0161616161616 21
-0.0151515151515 26
-0.0141414141414 16
-0.0131313131313 25
-0.0121212121212 17
-0.0111111111111 10
-0.010101010101 18
-0.00909090909091 9
-0.00808080808081 16
-0.00707070707071 9
-0.00606060606061 16
-0.00505050505051 11
-0.0040404040404 11
-0.0030303030303 15
-0.0020202020202 7
-0.0010101010101 21
0.0 12
0.0010101010101 21
0.0020202020202 7
0.0030303030303 15
0.0040404040404 11
0.00505050505051 11
0.00606060606061 16
0.00707070707071 9
0.00808080808081 16
0.00909090909091 9
0.010101010101 18
0.0111111111111 10
0.0121212121212 17
0.0131313131313 25
0.0141414141414 16
0.0151515151515 26
0.0161616161616 21
0.0171717171717 18
0.0181818181818 26
0.0191919191919 24
0.020202020202 21
0.0212121212121 24
0.0222222222222 17
0.0232323232323 29
0.0242424242424 17
0.0252525252525 25
0.0262626262626 31
0.0272727272727 33
0.0282828282828 32
0.0292929292929 35
0.030303030303 36
0.0313131313131 27
0.0323232323232 31
0.0333333333333 42
0.0343434343434 32
0.0353535353535 27
0.0363636363636 25
0.0373737373737 29
0.0383838383838 38
0.0393939393939 30
0.040404040404 40
0.0414141414141 41
0.0424242424242 37
0.0434343434343 35
0.0444444444444 36
0.0454545454545 44
0.0464646464646 37
0.0474747474747 38
0.0484848484848 40
0.0494949494949 31
0.0505050505051 49
0.0515151515152 38
0.0525252525253 48
0.0535353535354 43
0.0545454545455 43
0.0555555555556 47
0.0565656565657 36
0.0575757575758 43
0.0585858585859 49
0.059595959596 53
0.0606060606061 55
0.0616161616162 57
0.0626262626263 41
0.0636363636364 50
0.0646464646465 51
0.0656565656566 44
0.0666666666667 45
0.0676767676768 66
0.0686868686869 46
0.069696969697 59
0.0707070707071 47
0.0717171717172 55
0.0727272727273 51
0.0737373737374 50
0.0747474747475 39
0.0757575757576 52
0.0767676767677 51
0.0777777777778 77
0.0787878787879 43
0.079797979798 57
0.0808080808081 64
0.0818181818182 52
0.0828282828283 52
0.0838383838384 55
0.0848484848485 64
0.0858585858586 34
0.0868686868687 49
0.0878787878788 51
0.0888888888889 54
0.089898989899 49
0.0909090909091 61
0.0919191919192 52
0.0929292929293 57
0.0939393939394 60
0.0949494949495 56
0.0959595959596 62
0.0969696969697 46
0.0979797979798 40
0.0989898989899 54
0.1 51
