-0.1 297
-0.0989898989899 278
-0.0979797979798 323
-0.0969696969697 304
-0.0959595959596 292
-0.0949494949495 309
-0.0939393939394 322
-0.0929292929293 313
-0.0919191919192 299
-0.0909090909091 320
-0.089898989899 323
-0.0888888888889 324
-0.0878787878788 329
-0.0868686868687 293
-0.0858585858586 318
-0.0848484848485 347
-0.0838383838384 295
-0.0828282828283 315
-0.0818181818182 345
-0.0808080808081 296
-0.079797979798 362
-0.0787878787879 330
-0.0777777777778 334
-0.0767676767677 335
-0.0757575757576 315
-0.0747474747475 299
-0.0737373737374 316
-0.0727272727273 323
-0.0717171717172 303
-0.0707070707071 341
-0.069696969697 337
-0.0686868686869 368
-0.0676767676768 344
-0.0666666666667 351
-0.0656565656566 351
-0.0646464646465 331
-0.0636363636364 374
-0.0626262626263 365
-0.0616161616162 333
-0.0606060606061 352
-0.059595959596 353
-0.0585858585859 384
-0.0575757575758 376
-0.0565656565657 323
-0.0555555555556 317
-0.0545454545455 360
-0.0535353535354 322
-0.0525252525253 323
-0.0515151515152 308
-0.0505050505051 362
-0.0494949494949 352
-0.0484848484848 325
-0.0474747474747 356
-0.0464646464646 348
-0.0454545454545 341
-0.0444444444444 374
-0.0434343434343 371
-0.0424242424242 343
-0.0414141414141 377
-0.040404040404 385
-0.0393939393939 354
-0.0383838383838 304
-0.0373737373737 321
-0.0363636363636 295
-0.0353535353535 295
-0.0343434343434 289
-0.0333333333333 289
-0.0323232323232 294
-0.0313131313131 264
-0.030303030303 298
-0.0292929292929 257
-0.0282828282828 267
-0.0272727272727 258
-0.0262626262626 248
-0.0252525252525 243
-0.0242424242424 247
-0.0232323232323 233
-0.0222222222222 206
-0.0212121212121 242
-0.020202020202 220
-0.0191919191919 213
-0.0181818181818 216
-0.0171717171717 187
-0.0161616161616 225
-0.0151515151515 186
-0.0141414141414 187
-0.0131313131313 202
-0.0121212121212 162
-0.0111111111111 177
-0.010101010101 130
-0.00909090909091 130
-0.00808080808081 122
-0.00707070707071 115
-0.00606060606061 99
-0.00505050505051 84
-0.0040404040404 60
-0.0030303030303 52
-0.0020202020202 35
-0.0010101010101 23
0.0 25
0.0010101010101 23
0.0020202020202 35
0.0030303030303 52
0.0040404040404 60
0.00505050505051 84
0.00606060606061 99
0.00707070707071 115
0.00808080808081 122
0.00909090909091 130
0.010101010101 130
0.0111111111111 177
0.0121212121212 162
0.0131313131313 202
0.0141414141414 187
0.0151515151515 186
0.0161616161616 225
0.0171717171717 187
0.0181818181818 216
0.0191919191919 213
0.020202020202 220
0.0212121212121 242
0.0222222222222 206
0.0232323232323 233
0.0242424242424 247
0.0252525252525 243
0.0262626262626 248
0.0272727272727 258
0.0282828282828 267
0.0292929292929 257
0.030303030303 298
0.0313131313131 264
0.0323232323232 294
0.0333333333333 289
0.0343434343434 289
0.0353535353535 295
0.0363636363636 295
0.0373737373737 321
0.0383838383838 304
0.0393939393939 354
0.040404040404 385
0.0414141414141 377
0.0424242424242 343
0.0434343434343 371
0.0444444444444 374
0.0454545454545 341
0.0464646464646 348
0.0474747474747 356
0.0484848484848 325
0.0494949494949 352
0.0505050505051 362
0.0515151515152 308
0.0525252525253 323
0.0535353535354 322
0.0545454545455 360
0.0555555555556 317
0.0565656565657 323
0.0575757575758 376
0.0585858585859 384
0.059595959596 353
0.0606060606061 352
0.0616161616162 333
0.0626262626263 365
0.0636363636364 374
0.0646464646465 331
0.0656565656566 351
0.0666666666667 351
0.0676767676768 344
0.0686868686869 368
0.069696969697 337
0.0707070707071 341
0.0717171717172 303
0.0727272727273 323
0.0737373737374 316
0.0747474747475 299
0.0757575757576 315
0.0767676767677 335
0.0777777777778 334
0.0787878787879 330
0.079797979798 362
0.0808080808081 296
0.0818181818182 345
0.0828282828283 315
0.0838383838384 295
0.0848484848485 347
0.0858585858586 318
0.0868686868687 293
0.0878787878788 329
0.0888888888889 324
0.089898989899 323
0.0909090909091 320
0.0919191919192 299
0.0929292929293 313
0.0939393939394 322
0.0949494949495 309
0.0959595959596 292
0.0969696969697 304
0.0979797979798 323
0.0989898989899 278
0.1 297
