-0.1 452
-0.0989898989899 453
-0.0979797979798 437
-0.0969696969697 474
-0.0959595959596 431
-0.0949494949495 455
-0.0939393939394 434
-0.0929292929293 444
-0.0919191919192 429
-0.0909090909091 424
-0.089898989899 401
-0.0888888888889 435
-0.0878787878788 419
-0.0868686868687 491
-0.0858585858586 438
-0.0848484848485 458
-0.0838383838384 391
-0.0828282828283 447
-0.0818181818182 421
-0.0808080808081 451
-0.079797979798 408
-0.0787878787879 452
-0.0777777777778 458
-0.0767676767677 410
-0.0757575757576 369
-0.0747474747475 423
-0.0737373737374 411
-0.0727272727273 416
-0.0717171717172 368
-0.0707070707071 422
-0.069696969697 419
-0.0686868686869 397
-0.0676767676768 411
-0.0666666666667 462
-0.0656565656566 422
-0.0646464646465 431
-0.0636363636364 455
-0.0626262626263 433
-0.0616161616162 493
-0.0606060606061 467
-0.059595959596 477
-0.0585858585859 516
-0.0575757575758 470
-0.0565656565657 548
-0.0555555555556 494
-0.0545454545455 529
-0.0535353535354 499
-0.0525252525253 516
-0.0515151515152 470
-0.0505050505051 468
-0.0494949494949 532
-0.0484848484848 507
-0.0474747474747 519
-0.0464646464646 489
-0.0454545454545 521
-0.0444444444444 532
-0.0434343434343 556
-0.0424242424242 525
-0.0414141414141 563
-0.040404040404 556
-0.0393939393939 533
-0.0383838383838 519
-0.0373737373737 487
-0.0363636363636 508
-0.0353535353535 472
-0.0343434343434 479
-0.0333333333333 430
-0.0323232323232 446
-0.0313131313131 420
-0.030303030303 424
-0.0292929292929 436
-0.0282828282828 444
-0.0272727272727 430
-0.0262626262626 361
-0.0252525252525 379
-0.0242424242424 378
-0.0232323232323 353
-0.0222222222222 405
-0.0212121212121 401
-0.020202020202 370
-0.0191919191919 356
-0.0181818181818 346
-0.0171717171717 324
-0.0161616161616 337
-0.0151515151515 316
-0.0141414141414 288
-0.0131313131313 294
-0.0121212121212 261
-0.0111111111111 256
-0.010101010101 238
-0.00909090909091 209
-0.00808080808081 160
-0.00707070707071 155
-0.00606060606061 138
-0.00505050505051 99
-0.0040404040404 50
-0.0030303030303 50
-0.0020202020202 36
-0.0010101010101 21
0.0 21
0.0010101010101 21
0.0020202020202 36
0.0030303030303 50
0.0040404040404 50
0.00505050505051 99
0.00606060606061 138
0.00707070707071 155
0.00808080808081 160
0.00909090909091 209
0.010101010101 238
0.0111111111111 256
0.0121212121212 261
0.0131313131313 294
0.0141414141414 288
0.0151515151515 316
0.0161616161616 337
0.0171717171717 324
0.0181818181818 346
0.0191919191919 356
0.020202020202 370
0.0212121212121 401
0.0222222222222 405
0.0232323232323 353
0.0242424242424 378
0.0252525252525 379
0.0262626262626 361
0.0272727272727 430
0.0282828282828 444
0.0292929292929 436
0.030303030303 424
0.0313131313131 420
0.0323232323232 446
0.0333333333333 430
0.0343434343434 479
0.0353535353535 472
0.0363636363636 508
0.0373737373737 487
0.0383838383838 519
0.0393939393939 533
0.040404040404 556
0.0414141414141 563
0.0424242424242 525
0.0434343434343 556
0.0444444444444 532
0.0454545454545 521
0.0464646464646 489
0.0474747474747 519
0.0484848484848 507
0.0494949494949 532
0.0505050505051 468
0.0515151515152 470
0.0525252525253 516
0.0535353535354 499
0.0545454545455 529
0.0555555555556 494
0.0565656565657 548
0.0575757575758 470
0.0585858585859 516
0.059595959596 477
0.0606060606061 467
0.0616161616162 493
0.0626262626263 433
0.0636363636364 455
0.0646464646465 431
0.0656565656566 422
0.0666666666667 462
0.0676767676768 411
0.0686868686869 397
0.069696969697 419
0.0707070707071 422
0.0717171717172 368
0.0727272727273 416
0.0737373737374 411
0.0747474747475 423
0.0757575757576 369
0.0767676767677 410
0.0777777777778 458
0.0787878787879 452
0.079797979798 408
0.0808080808081 451
0.0818181818182 421
0.0828282828283 447
0.0838383838384 391
0.0848484848485 458
0.0858585858586 438
0.0868686868687 491
0.0878787878788 419
0.0888888888889 435
0.089898989899 401
0.0909090909091 424
0.0919191919192 429
0.0929292929293 444
0.0939393939394 434
0.0949494949495 455
0.0959595959596 431
0.0969696969697 474
0.0979797979798 437
0.0989898989899 453
0.1 452
