-0.1 235
-0.0989898989899 252
-0.0979797979798 247
-0.0969696969697 248
-0.0959595959596 270
-0.0949494949495 269
-0.0939393939394 236
-0.0929292929293 256
-0.0919191919192 261
-0.0909090909091 245
-0.089898989899 240
-0.0888888888889 242
-0.0878787878788 229
-0.0868686868687 241
-0.0858585858586 236
-0.0848484848485 252
-0.0838383838384 203
-0.0828282828283 233
-0.0818181818182 231
-0.0808080808081 193
-0.079797979798 211
-0.0787878787879 186
-0.0777777777778 224
-0.0767676767677 205
-0.0757575757576 216
-0.0747474747475 228
-0.0737373737374 239
-0.0727272727273 201
-0.0717171717172 212
-0.0707070707071 191
-0.069696969697 219
-0.0686868686869 221
-0.0676767676768 198
-0.0666666666667 224
-0.0656565656566 196
-0.0646464646465 213
-0.0636363636364 206
-0.0626262626263 206
-0.0616161616162 221
-0.0606060606061 224
-0.059595959596 227
-0.0585858585859 221
-0.0575757575758 224
-0.0565656565657 234
-0.0555555555556 231
-0.0545454545455 238
-0.0535353535354 212
-0.0525252525253 215
-0.0515151515152 205
-0.0505050505051 215
-0.0494949494949 251
-0.0484848484848 241
-0.0474747474747 222
-0.0464646464646 234
-0.0454545454545 225
-0.0444444444444 231
-0.0434343434343 261
-0.0424242424242 242
-0.0414141414141 280
-0.040404040404 242
-0.0393939393939 235
-0.0383838383838 224
-0.0373737373737 223
-0.0363636363636 228
-0.0353535353535 218
-0.0343434343434 230
-0.0333333333333 213
-0.0323232323232 209
-0.0313131313131 211
-0.030303030303 204
-0.0292929292929 240
-0.0282828282828 226
-0.0272727272727 203
-0.0262626262626 204
-0.0252525252525 214
-0.0242424242424 206
-0.0232323232323 176
-0.0222222222222 203
-0.0212121212121 190
-0.020202020202 166
-0.0191919191919 172
-0.0181818181818 135
-0.0171717171717 147
-0.0161616161616 144
-0.0151515151515 148
-0.0141414141414 102
-0.0131313131313 119
-0.0121212121212 120
-0.0111111111111 118
-0.010101010101 104
-0.00909090909091 79
-0.00808080808081 61
-0.00707070707071 65
-0.00606060606061 35
-0.00505050505051 34
-0.0040404040404 23
-0.0030303030303 27
-0.0020202020202 10
-0.0010101010101 7
0.0 5
0.0010101010101 7
0.0020202020202 10
0.0030303030303 27
0.0040404040404 23
0.00505050505051 34
0.00606060606061 35
0.00707070707071 65
0.00808080808081 61
0.00909090909091 79
0.010101010101 104
0.0111111111111 118
0.0121212121212 120
0.0131313131313 119
0.0141414141414 102
0.0151515151515 148
0.0161616161616 144
0.0171717171717 147
0.0181818181818 135
0.0191919191919 172
0.020202020202 166
0.0212121212121 190
0.0222222222222 203
0.0232323232323 176
0.0242424242424 206
0.0252525252525 214
0.0262626262626 204
0.0272727272727 203
0.0282828282828 226
0.0292929292929 240
0.030303030303 204
0.0313131313131 211
0.0323232323232 209
0.0333333333333 213
0.0343434343434 230
0.0353535353535 218
0.0363636363636 228
0.0373737373737 223
0.0383838383838 224
0.0393939393939 235
0.040404040404 242
0.0414141414141 280
0.0424242424242 242
0.0434343434343 261
0.0444444444444 231
0.0454545454545 225
0.0464646464646 234
0.0474747474747 222
0.0484848484848 241
0.0494949494949 251
0.0505050505051 215
0.0515151515152 205
0.0525252525253 215
0.0535353535354 212
0.0545454545455 238
0.0555555555556 231
0.0565656565657 234
0.0575757575758 224
0.0585858585859 221
0.059595959596 227
0.0606060606061 224
0.0616161616162 221
0.0626262626263 206
0.0636363636364 206
0.0646464646465 213
0.0656565656566 196
0.0666666666667 224
0.0676767676768 198
0.0686868686869 221
0.069696969697 219
0.0707070707071 191
0.0717171717172 212
0.0727272727273 201
0.0737373737374 239
0.0747474747475 228
0.0757575757576 216
0.0767676767677 205
0.0777777777778 224
0.0787878787879 186
0.079797979798 211
0.0808080808081 193
0.0818181818182 231
0.0828282828283 233
0.0838383838384 203
0.0848484848485 252
0.0858585858586 236
0.0868686868687 241
0.0878787878788 229
0.0888888888889 242
0.089898989899 240
0.0909090909091 245
0.0919191919192 261
0.0929292929293 256
0.0939393939394 236
0.0949494949495 269
0.0959595959596 270
0.0969696969697 248
0.0979797979798 247
0.0989898989899 252
0.1 235
